Year	Month	Day	Wday	D1	D2	s	week	Weather	Rain_val	rain	Event.flag	Head.count	Event_val	event	trend	ar	sale.hidden	Sale
2012	1	1	0	0	0	-5.058226442	-5.058226442	1	0	0	0	0	0	0	60.81145	-12.33974	43.41348356	39.2248985
2012	1	2	1	1	0	12.33299009	-5.058226442	1	0	0	1	7800	0	0	60.90692	-11.21795	44.63074356	44.04268816
2012	1	3	2	1	0	-5.064916854	-5.058226442	1	0	0	0	0	0	0	61.05012	-0.4807692	55.51112436	51.8035115
2012	1	4	3	0	0	-5.382134786	-5.382134786	2	0.1	1.17	1	19400	0.745389009	37.82849221	61.43198	-0.1602564	94.88808102	92.84634618
2012	1	5	4	0	0	13.22417215	13.22417215	1	0	0	1	32000	0.943871177	48.13743005	61.62291	4.967949	127.9524612	126.0636074
2012	1	6	5	0	0	18.93922154	18.93922154	3	0.5	5.85	0	0	0	0	61.81384	6.730769	93.33383054	99.9756641
2012	1	7	6	0	0	-24.70014707	-24.70014707	2	0.1	1.17	0	0	0	0	62.19571	5.929487	44.59504993	48.17723146
2012	1	8	0	0	0	-10.46681304	-10.46681304	1	0	0	1	3900	0	0	62.38663	3.365385	55.28520196	54.12375602
2012	1	9	1	1	0	13.0145018	-10.46681304	1	0	0	0	0	0	0	62.7685	0.4807692	52.78245616	46.65132166
2012	1	10	2	0	0	3.276624883	3.276624883	1	0	0	0	0	0	0	62.95943	-2.884615	63.35143988	68.58913034
2012	1	11	3	0	0	-5.219827956	-5.219827956	1	0	0	1	21300	0.797299296	41.85821306	63.34129	-4.647436	95.3322391	88.15020317
2012	1	12	4	0	0	2.786885192	2.786885192	1	0	0	0	0	0	0	63.53222	-8.173077	58.14602819	52.23368355
2012	1	13	5	0	0	10.98228565	10.98228565	1	0	0	1	22400	0.822365842	43.58538962	63.72315	-10.25641	108.0344153	104.1533911
2012	1	14	6	0	0	-15.96076714	-15.96076714	1	0	0	0	0	0	0	64.10501	-8.333333	39.81090986	34.94934231
2012	1	15	0	0	0	-8.90549354	-8.90549354	1	0	0	0	0	0	0	64.29594	-4.967949	50.42249746	45.90420965
2012	1	16	1	0	0	9.003887122	9.003887122	2	0.1	1.17	1	11500	0.342955339	18.43384945	64.6778	-3.365385	89.92015157	96.3561713
2012	1	17	2	0	0	-0.017496888	-0.017496888	1	0	0	0	0	0	0	64.86874	-1.442308	63.40893511	62.87799711
2012	1	18	3	0	0	3.557565982	3.557565982	2	0.1	1.17	0	0	0	0	65.2506	-1.76282	68.21534598	64.63599121
2012	1	19	4	0	0	4.812160755	4.812160755	5	1	11.7	0	0	0	0	65.44153	-4.166667	77.78702375	81.14563474
2012	1	20	5	0	0	14.75270704	14.75270704	1	0	0	1	11700	0.358536836	19.62989175	65.58472	-6.089744	93.87757479	94.86574292
2012	1	21	6	0	0	-14.11312526	-14.11312526	1	0	0	1	11500	0.342955339	18.86254362	65.96659	-2.724359	67.99164937	61.89116574
2012	1	22	0	0	0	-7.225340385	-7.225340385	1	0	0	1	9400	0.154647139	8.544254407	66.10979	-0.3205128	67.10819122	64.30336562
2012	1	23	1	0	0	9.91311252	9.91311252	5	1	11.7	1	12200	0.395893109	21.97206753	66.44392	5.288462	115.3175621	117.9862252
2012	1	24	2	0	0	1.839993495	1.839993495	1	0	0	1	8800	0.09153656	5.103163221	66.58711	7.051282	80.58154872	90.33312604
2012	1	25	3	0	0	-4.869119873	-4.869119873	5	1	11.7	1	10100	0.222756664	12.47437318	66.92124	5.448718	91.6752113	99.58492745
2012	1	26	4	0	0	11.51086847	11.51086847	1	0	0	1	17000	0.660408631	37.14798547	67.01671	2.884615	118.5601789	122.7491166
2012	1	27	5	0	0	11.10178574	11.10178574	1	0	0	0	0	0	0	67.20763	1.923077	80.23249274	80.16714443
2012	1	28	6	0	0	-13.80006646	-13.80006646	1	0	0	0	0	0	0	67.49403	0.1602564	53.85421994	45.22524013
2012	1	29	0	0	0	-11.24645014	-11.24645014	1	0	0	0	0	0	0	67.5895	0.801282	57.14433186	53.49006399
2012	1	30	1	0	0	9.011530997	9.011530997	1	0	0	0	0	0	0	67.82816	3.205128	80.044819	78.96774967
2012	1	31	2	0	0	2.572528636	2.572528636	1	0	0	1	29600	0.925135672	53.19530116	67.97136	5.929487	129.6686768	132.1197101
2012	2	1	3	0	0	-2.803245408	-2.803245408	2	0.1	1.17	1	15300	0.583558307	33.7004922	68.21002	6.25	106.5272668	106.8242339
2012	2	2	4	0	0	4.582193902	4.582193902	1	0	0	1	11900	0.373748829	21.67743205	68.30549	-0.1602564	94.40485956	94.69641982
2012	2	3	5	0	0	5.37441276	5.37441276	1	0	0	1	9300	0.144441719	8.413730112	68.40096	0	82.18910287	91.38091841
2012	2	4	6	0	0	-19.87973431	-19.87973431	1	0	0	0	0	0	0	68.59189	-1.121795	47.59036069	49.52861518
2012	2	5	0	0	0	-11.8663068	-11.8663068	5	1	11.7	0	0	0	0	68.68735	2.884615	71.4056582	70.00290458
2012	2	6	1	0	0	15.93044382	15.93044382	1	0	0	1	9800	0.194265921	11.46168932	68.87828	5.448718	101.7191311	99.57654246
2012	2	7	2	0	0	-1.81074182	-1.81074182	5	1	11.7	0	0	0	0	68.87828	8.653846	87.42138418	87.89800886
2012	2	8	3	0	0	1.605930916	1.605930916	1	0	0	0	0	0	0	68.97375	8.01282	78.59250092	74.52584387
2012	2	9	4	0	0	4.00382793	4.00382793	1	0	0	0	0	0	0	69.06921	3.205128	76.27816593	83.11911632
2012	2	10	5	0	0	12.86988031	12.86988031	1	0	0	0	0	0	0	69.06921	-3.846154	78.09293631	76.65525616
2012	2	11	6	0	0	-16.4051891	-16.4051891	1	0	0	0	0	0	0	69.16468	-8.01282	44.7466709	42.10390878
2012	2	12	0	0	0	-11.07496943	-11.07496943	1	0	0	0	0	0	0	69.21241	-7.532051	50.60538957	46.24032496
2012	2	13	1	0	0	13.81775421	13.81775421	1	0	0	0	0	0	0	69.26014	-3.846154	79.23174021	83.91120557
2012	2	14	2	0	0	1.648105315	1.648105315	3	0.5	5.85	0	0	0	0	69.26014	0	76.75824532	70.3719087
2012	2	15	3	0	0	-7.440851718	-7.440851718	4	1	11.7	0	0	0	0	69.26014	-1.121795	72.39749328	70.05379409
2012	2	16	4	0	0	5.519681556	5.519681556	2	0.1	1.17	0	0	0	0	69.26014	-4.487179	71.46264256	73.02522392
2012	2	17	5	0	0	18.17915951	18.17915951	1	0	0	0	0	0	0	69.26014	-0.1602564	87.27904311	86.7374316
2012	2	18	6	0	0	-20.85652469	-20.85652469	1	0	0	0	0	0	0	69.21241	2.24359	50.59947531	51.85342739
2012	2	19	0	0	0	-12.27112985	-12.27112985	3	0.5	5.85	1	73000	0.999596556	62.22488561	69.16468	7.852564	132.8209998	126.2400328
2012	2	20	1	0	0	11.3839083	11.3839083	1	0	0	0	0	0	0	69.11694	9.455129	89.9559773	87.80560006
2012	2	21	2	0	0	3.320566439	3.320566439	1	0	0	0	0	0	0	69.06921	5.608974	77.99875044	69.47820195
2012	2	22	3	0	0	0.921298459	0.921298459	1	0	0	1	17800	0.691494037	43.56412432	69.06921	2.564103	116.1187358	111.908049
2012	2	23	4	0	0	11.17583951	11.17583951	2	0.1	1.17	0	0	0	0	68.97375	-4.00641	77.31317951	83.05443249
2012	2	24	5	0	0	12.10208959	12.10208959	1	0	0	0	0	0	0	68.87828	-7.532051	73.44831859	74.71247627
2012	2	25	6	0	0	-15.34169902	-15.34169902	1	0	0	0	0	0	0	68.78281	-5.128205	48.31290598	48.73934191
2012	2	26	0	0	0	-12.05703979	-12.05703979	1	0	0	0	0	0	0	68.68735	-0.801282	55.82902821	51.16089756
2012	2	27	1	0	0	2.221946381	2.221946381	1	0	0	1	12100	0.38860008	24.96755513	68.54415	2.884615	98.61826651	95.83416848
2012	2	28	2	0	0	0.113266298	0.113266298	1	0	0	1	12500	0.417254374	26.9129071	68.44868	4.326923	99.80177639	94.7199248
2012	2	29	3	0	0	-4.963421958	-4.963421958	1	0	0	0	0	0	0	68.40096	5.448718	68.88625604	69.15388229
2012	3	1	4	0	0	-2.664144606	-2.664144606	2	0.1	1.17	1	21700	0.806799406	52.44196137	68.21002	6.891026	126.0488628	129.8745308
2012	3	2	5	0	0	13.94988703	13.94988703	3	0.5	5.85	0	0	0	0	68.11456	8.493589	96.40803603	97.9040101
2012	3	3	6	0	0	-23.13510056	-23.13510056	1	0	0	0	0	0	0	67.92363	8.814102	53.60263144	50.5145527
2012	3	4	0	0	0	-9.904215945	-9.904215945	3	0.5	5.85	0	0	0	0	67.78043	7.532051	71.25826506	74.02220162
2012	3	5	1	0	0	5.251588049	5.251588049	1	0	0	1	10700	0.276751499	17.98884746	67.5895	3.365385	94.19532051	96.134863
2012	3	6	2	0	0	4.190096807	4.190096807	4	1	11.7	0	0	0	0	67.4463	-1.76282	81.57357681	85.78963152
2012	3	7	3	0	0	4.664908069	4.664908069	2	0.1	1.17	1	6700	0	0	67.35084	-4.967949	68.21779907	66.01466114
2012	3	8	4	0	0	3.087691559	3.087691559	1	0	0	1	23400	0.842453347	54.12762752	67.11217	-5.128205	119.1992841	113.3024572
2012	3	9	5	0	0	11.24976436	11.24976436	1	0	0	1	8700	0.080569251	5.156432062	67.01671	-4.807693	78.61521342	78.19236809
2012	3	10	6	0	0	-12.20514774	-12.20514774	1	0	0	0	0	0	0	66.77805	-4.00641	50.56649226	52.08038074
2012	3	11	0	0	0	-5.264734671	-5.264734671	1	0	0	1	16200	0.626191088	39.76313409	66.68258	-4.487179	96.69380041	104.4892691
2012	3	12	1	0	0	19.25223769	19.25223769	1	0	0	1	9200	0.134113096	8.48265332	66.44392	-5.448718	88.73009301	88.38178037
2012	3	13	2	0	0	1.979063768	1.979063768	3	0.5	5.85	1	32400	0.946502018	59.62962711	66.34845	-6.410256	127.3968849	129.532082
2012	3	14	3	0	0	-3.509040196	-3.509040196	1	0	0	0	0	0	0	66.25298	-7.051282	55.6926578	55.27634181
2012	3	15	4	0	0	4.561473371	4.561473371	5	1	11.7	0	0	0	0	66.01432	-7.532051	74.74374237	85.52573108
2012	3	16	5	0	0	17.43829481	17.43829481	3	0.5	5.85	0	0	0	0	65.91885	-6.570513	82.63663181	89.32647211
2012	3	17	6	0	0	-25.14335413	-25.14335413	3	0.5	5.85	0	0	0	0	65.68019	-2.564103	43.82273287	42.66121063
2012	3	18	0	0	0	-7.770743139	-7.770743139	1	0	0	1	12200	0.395893109	24.44639946	65.58472	3.365385	85.62576132	84.98874087
2012	3	19	1	0	1	11.41472587	-3.208506132	1	0	0	0	0	0	0	65.34606	6.25	68.38755387	68.27912685
2012	3	20	2	1	0	11.0073672	-7.770743139	1	0	0	0	0	0	0	65.2506	4.967949	62.44780586	63.01407628
2012	3	21	3	0	0	-5.332134914	-5.332134914	1	0	0	0	0	0	0	65.15513	0.3205128	60.14350789	57.31803083
2012	3	22	4	0	0	0.562847321	0.562847321	3	0.5	5.85	1	10600	0.268020159	16.28222463	64.9642	-4.487179	83.17209295	83.57559489
2012	3	23	5	0	0	12.63052708	12.63052708	3	0.5	5.85	0	0	0	0	64.86874	-6.570513	76.77875408	73.29989705
2012	3	24	6	0	0	-20.15859478	-20.15859478	3	0.5	5.85	1	12000	0.381219007	22.96844519	64.6778	-3.205128	70.13252241	64.65151175
2012	3	25	0	0	0	-12.35650027	-12.35650027	1	0	0	0	0	0	0	64.58234	-1.76282	50.46301973	54.48522252
2012	3	26	1	0	0	12.12916435	12.12916435	1	0	0	0	0	0	0	64.39141	-0.1602564	76.36031795	79.64353855
2012	3	27	2	0	0	0.897901013	0.897901013	2	0.1	1.17	1	6000	0	0	64.29594	0.9615384	67.32537941	64.48522603
2012	3	28	3	0	0	-5.615034565	-5.615034565	2	0.1	1.17	1	8000	0	0	64.24821	-0.6410257	59.16214973	65.52607894
2012	3	29	4	0	0	8.603343727	8.603343727	1	0	0	1	4300	0	0	64.10501	-1.282051	71.42630273	70.46358315
2012	3	30	5	0	0	10.37335075	10.37335075	1	0	0	0	0	0	0	64.00954	-0.9615384	73.42135235	72.00302626
2012	3	31	6	0	0	-27.339921	-27.339921	1	0	0	0	0	0	0	63.91408	0.4807692	37.0549282	32.28656963
2012	4	1	0	0	0	-19.60696499	-19.60696499	1	0	0	1	7200	0	0	63.81861	2.24359	46.45523501	46.33348178
2012	4	2	1	0	0	9.277671312	9.277671312	2	0.1	1.17	0	0	0	0	63.72315	4.807693	78.97851431	78.29358449
2012	4	3	2	0	0	7.816747483	7.816747483	1	0	0	1	13600	0.489316896	28.25805075	63.62769	6.410256	106.1127442	106.4503362
2012	4	4	3	0	0	0.45251752	0.45251752	1	0	0	0	0	0	0	63.62769	5.128205	69.20841252	71.43425432
2012	4	5	4	0	0	11.46021432	11.46021432	2	0.1	1.17	0	0	0	0	63.53222	0.9615384	77.12397272	81.65697466
2012	4	6	5	0	0	15.63002177	15.63002177	1	0	0	1	12300	0.403099144	22.97665122	63.43675	-3.205128	98.83829499	100.4753478
2012	4	7	6	0	0	-18.7369439	-18.7369439	3	0.5	5.85	0	0	0	0	63.34129	-5.769231	44.6851151	49.64792323
2012	4	8	0	0	0	-15.02825051	-15.02825051	3	0.5	5.85	0	0	0	0	63.34129	-6.730769	47.43227049	52.75927336
2012	4	9	1	0	0	12.42227915	12.42227915	3	0.5	5.85	0	0	0	0	63.24582	-7.532051	73.98604815	59.33363787
2012	4	10	2	0	0	8.388912361	8.388912361	2	0.1	1.17	0	0	0	0	63.38902	-7.532051	65.41588136	63.60201265
2012	4	11	3	0	0	-16.48425414	-16.48425414	3	0.5	5.85	0	0	0	0	63.24582	-8.173077	44.43848886	47.28815155
2012	4	12	4	0	0	3.474590863	3.474590863	1	0	0	0	0	0	0	63.15036	-8.493589	58.13136186	52.5331845
2012	4	13	5	0	0	16.10985856	16.10985856	1	0	0	1	40100	0.97876894	54.07698395	63.15036	-7.852564	125.4846385	120.6813867
2012	4	14	6	0	0	-17.88501992	-17.88501992	1	0	0	0	0	0	0	63.15036	-5.288462	39.97687808	41.34556044
2012	4	15	0	0	0	-5.842422386	-5.842422386	3	0.5	5.85	1	8500	0.058235833	3.188411852	63.10263	-2.564103	63.73451647	61.52740002
2012	4	16	1	0	0	13.42839802	13.42839802	3	0.5	5.85	1	9700	0.18453879	10.05736407	63.10263	3.685897	96.12428909	87.46685
2012	4	17	2	0	0	4.155332463	4.155332463	1	0	0	1	13800	0.501427533	27.20244365	63.05489	8.333333	102.7459991	107.2752733
2012	4	18	3	0	0	-2.84142751	-2.84142751	3	0.5	5.85	0	0	0	0	63.05489	9.03	75.09346249	70.88926428
2012	4	19	4	0	0	2.934043457	2.934043457	2	0.1	1.17	0	0	0	0	63.05489	8.01282	75.17175346	77.10349273
2012	4	20	5	0	0	6.792739637	6.792739637	3	0.5	5.85	1	8900	0.102373048	5.47695806	63.05489	6.730769	87.9053567	89.96750727
2012	4	21	6	0	0	-19.85538853	-19.85538853	1	0	0	0	0	0	0	63.10263	1.282051	44.52929247	52.13563569
2012	4	22	0	0	0	-10.68557245	-10.68557245	2	0.1	1.17	0	0	0	0	63.10263	-5.288462	48.29859555	49.28141672
2012	4	23	1	0	0	8.002542366	8.002542366	3	0.5	5.85	1	9000	0.113080275	5.964984504	63.15036	-10.41667	72.55121687	75.87926863
2012	4	24	2	0	0	3.66976527	3.66976527	1	0	0	1	8300	0.035359929	1.856396275	63.15036	-11.53846	57.13806155	62.84101701
2012	4	25	3	0	0	-2.286221053	-2.286221053	1	0	0	0	0	0	0	63.15036	-7.371795	53.49234395	51.46043831
2012	4	26	4	0	0	12.45313218	12.45313218	2	0.1	1.17	0	0	0	0	63.24582	-0.1602564	76.70869578	68.43088901
2012	4	27	5	0	0	7.213990011	7.213990011	1	0	0	1	7600	0	0	63.24582	0.6410257	71.10083571	71.81548589
2012	4	28	6	0	0	-22.07115233	-22.07115233	1	0	0	0	0	0	0	63.29356	4.487179	45.70958667	52.33915821
2012	4	29	0	0	0	-9.299788353	-9.299788353	1	0	0	0	0	0	0	63.34129	5.769231	59.81073265	52.77934434
2012	4	30	1	1	0	5.968839674	-9.299788353	1	0	0	1	11800	0.366188467	18.67561184	63.34129	3.365385	76.08249849	81.14315656
2012	5	1	2	1	0	0.861176528	-9.299788353	1	0	0	0	0	0	0	63.38902	2.24359	56.33282165	56.03216743
2012	5	2	3	1	0	-5.732684713	-9.299788353	1	0	0	0	0	0	0	63.43675	4.647436	58.78439765	59.28180477
2012	5	3	4	1	0	-1.990556005	-9.299788353	1	0	0	0	0	0	0	63.43675	7.532051	61.66901265	59.92290366
2012	5	4	5	1	0	10.56465136	-9.299788353	2	0.1	1.17	0	0	0	0	63.48449	8.173077	63.52777865	68.71204504
2012	5	5	6	0	0	-22.13628866	-22.13628866	4	1	11.7	1	12000	0.381219007	19.15625512	63.53222	2.724359	74.97654546	82.09732786
2012	5	6	0	0	0	-4.467959223	-4.467959223	1	0	0	0	0	0	0	63.53222	-1.121795	57.94246578	65.79670973
2012	5	7	1	0	0	9.183724309	9.183724309	1	0	0	0	0	0	0	63.57995	-8.01282	64.75085431	59.91385064
2012	5	8	2	0	0	4.230046382	4.230046382	3	0.5	5.85	0	0	0	0	63.62769	-8.01282	65.69491638	69.4913456
2012	5	9	3	0	0	-2.329482827	-2.329482827	1	0	0	1	5400	0	0	63.62769	-5.448718	55.84948917	53.9685409
2012	5	10	4	0	0	1.652559141	1.652559141	1	0	0	1	11400	0.33502323	17.25369633	63.72315	-4.00641	78.62299547	73.7059484
2012	5	11	5	0	0	13.19657589	13.19657589	1	0	0	1	8300	0.035359929	1.829876328	63.72315	-5.608974	73.14062822	75.09010372
2012	5	12	6	0	0	-20.42434449	-20.42434449	1	0	0	1	8700	0.080569251	4.18960105	63.72315	-10.09615	37.39225656	37.30250299
2012	5	13	0	0	0	-8.335752054	-8.335752054	1	0	0	1	14800	0.557806601	29.14539492	63.77088	-14.26282	70.31770286	74.27632589
2012	5	14	1	0	0	14.23213939	14.23213939	2	0.1	1.17	0	0	0	0	63.77088	-11.21795	67.95506939	76.91705877
2012	5	15	2	0	0	2.45585168	2.45585168	3	0.5	5.85	1	23200	0.838626335	44.23753919	63.81861	-3.525641	112.8363599	118.0199443
2012	5	16	3	0	0	3.440636656	3.440636656	1	0	0	1	45400	0.988763115	52.4044451	63.81861	4.647436	124.3111278	120.8326997
2012	5	17	4	0	0	7.062213762	7.062213762	4	1	11.7	1	10200	0.232027921	12.35548677	63.81861	7.532051	102.4683615	103.1664749
2012	5	18	5	0	0	6.684003843	6.684003843	1	0	0	1	44200	0.987021726	52.80566232	63.81861	15.309	138.6172762	145.6835036
2012	5	19	6	0	0	-17.03254088	-17.03254088	1	0	0	0	0	0	0	63.81861	21.504	68.29006912	74.1622571
2012	5	20	0	0	0	-13.89160646	-13.89160646	1	0	0	0	0	0	0	63.81861	12.954	62.88100354	54.95709563
2012	5	21	1	0	0	3.924423473	3.924423473	1	0	0	0	0	0	0	63.81861	5.448718	73.19175147	77.92390108
2012	5	22	2	0	0	-1.23974556	-1.23974556	3	0.5	5.85	0	0	0	0	63.81861	1.76282	70.19168444	68.48911401
2012	5	23	3	0	0	-5.878708915	-5.878708915	1	0	0	0	0	0	0	63.81861	-7.852564	50.08733708	46.96052363
2012	5	24	4	0	0	4.169976309	4.169976309	1	0	0	1	8000	0	0	63.81861	-13.62179	54.36679631	48.86078516
2012	5	25	5	0	0	18.12703826	18.12703826	2	0.1	1.17	0	0	0	0	63.81861	-12.33974	70.77590826	69.21693096
2012	5	26	6	0	0	-13.45760221	-13.45760221	2	0.1	1.17	0	0	0	0	63.72315	-8.173077	43.26247079	46.70575331
2012	5	27	0	0	0	-6.095635613	-6.095635613	3	0.5	5.85	0	0	0	0	63.72315	-5.769231	57.70828339	64.88464278
2012	5	28	1	0	0	6.5046603	6.5046603	2	0.1	1.17	0	0	0	0	63.72315	-0.4807692	70.9170411	71.61157659
2012	5	29	2	0	0	2.092586222	2.092586222	1	0	0	1	24600	0.863583127	48.5765509	63.62769	3.205128	117.5019551	117.1366932
2012	5	30	3	0	0	-0.951515065	-0.951515065	1	0	0	1	79300	0.999813905	56.48948563	63.62769	4.00641	123.1720706	122.1603909
2012	5	31	4	0	0	6.051889987	6.051889987	3	0.5	5.85	0	0	0	0	63.53222	0.4807692	75.91487919	80.68387587
2012	6	1	5	0	0	12.38698193	12.38698193	1	0	0	0	0	0	0	63.53222	-1.442308	74.47689393	69.07092669
2012	6	2	6	0	0	-23.77917566	-23.77917566	3	0.5	5.85	0	0	0	0	63.43675	-5.929487	39.57808734	40.82818086
2012	6	3	0	0	0	-14.15048122	-14.15048122	3	0.5	5.85	0	0	0	0	63.43675	-6.570513	48.56575578	53.67386568
2012	6	4	1	0	0	17.23106296	17.23106296	3	0.5	5.85	0	0	0	0	63.34129	-4.00641	82.41594296	87.72520051
2012	6	5	2	0	0	3.069490756	3.069490756	1	0	0	0	0	0	0	63.29356	1.442308	67.80535876	69.89070981
2012	6	6	3	0	0	-4.533590569	-4.533590569	2	0.1	1.17	0	0	0	0	63.24582	9.935898	69.81812743	64.00629667
2012	6	7	4	0	0	7.90108488	7.90108488	1	0	0	0	0	0	0	63.15036	12.82051	83.87195488	79.76653123
2012	6	8	5	0	0	19.94992389	19.94992389	2	0.1	1.17	0	0	0	0	63.15036	16.34615	100.6164339	97.0139926
2012	6	9	6	0	0	-18.54933218	-18.54933218	3	0.5	5.85	0	0	0	0	63.15036	8.01282	58.46384782	51.24748798
2012	6	10	0	0	0	-3.354381421	-3.354381421	2	0.1	1.17	0	0	0	0	63.05489	-3.205128	57.66538058	57.86548225
2012	6	11	1	0	0	17.07017726	17.07017726	3	0.5	5.85	1	16000	0.617110998	36.71810437	63.00716	-10.41667	112.2287716	118.343505
2012	6	12	2	0	0	0.371295412	0.371295412	4	1	11.7	0	0	0	0	62.95943	-10.73718	64.29354541	52.06007583
2012	6	13	3	0	0	0.150166924	0.150166924	1	0	0	0	0	0	0	62.86396	-7.532051	55.48207592	59.27401538
2012	6	14	4	0	0	3.995196708	3.995196708	2	0.1	1.17	0	0	0	0	62.81623	-3.846154	64.13527271	63.12196444
2012	6	15	5	0	0	5.805376882	5.805376882	3	0.5	5.85	1	10800	0.28537869	17.26541076	62.7685	-4.487179	87.20210864	83.3564394
2012	6	16	6	0	0	-24.80666319	-24.80666319	2	0.1	1.17	0	0	0	0	62.7685	-6.730769	32.40106781	36.25111187
2012	6	17	0	0	0	-9.594881913	-9.594881913	2	0.1	1.17	0	0	0	0	62.67303	-7.852564	46.39558409	49.63750988
2012	6	18	1	0	0	18.78824971	18.78824971	3	0.5	5.85	0	0	0	0	62.6253	-8.01282	79.25072971	79.73181661
2012	6	19	2	0	0	2.419234871	2.419234871	3	0.5	5.85	1	16300	0.630650063	38.78497888	62.57756	-5.448718	104.1830558	99.58483898
2012	6	20	3	0	0	-6.111351893	-6.111351893	2	0.1	1.17	0	0	0	0	62.52983	0.9615384	58.55001651	55.02570762
2012	6	21	4	0	0	7.521499857	7.521499857	3	0.5	5.85	1	49200	0.992880212	61.55857311	62.4821	8.974359	146.386532	138.3003617
2012	6	22	5	0	0	14.49190077	14.49190077	2	0.1	1.17	1	8100	0.011928362	0.742540547	62.4821	14.26282	93.14936132	102.5538309
2012	6	23	6	0	0	-25.18080693	-25.18080693	2	0.1	1.17	1	38200	0.973330366	60.83314787	62.43437	13.94231	113.1990209	112.4210491
2012	6	24	0	0	0	-13.21872087	-13.21872087	1	0	0	1	37300	0.970288036	60.88557429	62.38663	7.532051	117.5855344	113.8129657
2012	6	25	1	0	0	3.833570041	3.833570041	2	0.1	1.17	0	0	0	0	62.38663	1.121795	68.51199504	57.70723282
2012	6	26	2	0	0	-3.078242372	-3.078242372	1	0	0	0	0	0	0	62.29117	-4.487179	54.72574863	52.57844023
2012	6	27	3	0	0	-6.449755243	-6.449755243	1	0	0	1	20200	0.768695653	48.81217395	62.29117	-6.730769	97.9228197	95.17718018
2012	6	28	4	0	0	5.432336949	5.432336949	2	0.1	1.17	0	0	0	0	62.29117	-7.211538	61.68196895	54.67038953
2012	6	29	5	0	0	17.34037621	17.34037621	3	0.5	5.85	1	16400	0.63505585	40.64357442	62.29117	-7.852564	118.2725566	130.1924157
2012	6	30	6	0	0	-16.44543428	-16.44543428	2	0.1	1.17	0	0	0	0	62.29117	-5.288462	41.72727372	46.09199548
2012	7	1	0	0	0	-7.908102721	-7.908102721	3	0.5	5.85	1	12400	0.410219224	26.45913995	62.24343	-1.282051	85.36241623	77.6840868
2012	7	2	1	0	0	9.333434136	9.333434136	2	0.1	1.17	0	0	0	0	62.24343	1.442308	74.18917214	79.85904839
2012	7	3	2	0	0	1.83917225	1.83917225	3	0.5	5.85	0	0	0	0	62.19571	1.76282	71.64770225	76.87190305
2012	7	4	3	0	0	-0.709551019	-0.709551019	2	0.1	1.17	0	0	0	0	62.19571	-0.4807692	62.17538978	65.12454322
2012	7	5	4	0	0	4.583866714	4.583866714	1	0	0	0	0	0	0	62.24343	-3.205128	63.62216871	65.61768739
2012	7	6	5	0	0	15.93628052	15.93628052	1	0	0	0	0	0	0	62.24343	-5.448718	72.73099252	73.45573844
2012	7	7	6	0	0	-15.61018573	-15.61018573	2	0.1	1.17	1	13100	0.457737627	29.75294578	62.24343	-5.608974	71.94721605	75.04302214
2012	7	8	0	0	0	-13.66601852	-13.66601852	1	0	0	1	24400	0.860269365	55.70244139	62.29117	-5.128205	99.19938787	94.03629234
2012	7	9	1	0	0	8.61235476	8.61235476	2	0.1	1.17	0	0	0	0	62.29117	-2.403846	69.66967876	66.42289807
2012	7	10	2	0	0	6.826954933	6.826954933	1	0	0	0	0	0	0	62.29117	1.602564	70.72068893	65.71065264
2012	7	11	3	0	0	-9.648879522	-9.648879522	1	0	0	1	58900	0.997781283	63.85800212	62.29117	5.448718	121.9490106	121.1196058
2012	7	12	4	0	0	8.27883958	8.27883958	3	0.5	5.85	1	14900	0.563081286	35.89643199	62.38663	7.051282	119.4631836	120.196465
2012	7	13	5	0	0	12.63399505	12.63399505	2	0.1	1.17	1	6900	0	0	62.38663	5.128205	81.31883005	84.32911267
2012	7	14	6	0	0	-7.216395209	-7.216395209	1	0	0	0	0	0	0	62.38663	3.525641	58.69587579	61.34115342
2012	7	15	0	0	0	-19.91872136	-19.91872136	3	0.5	5.85	0	0	0	0	62.4821	-0.6410257	47.77235294	55.00083214
2012	7	16	1	1	0	8.236816794	-19.91872136	3	0.5	5.85	1	10500	0.25918341	16.26375901	62.4821	-3.685897	60.99124064	63.97778708
2012	7	17	2	0	0	4.696114675	4.696114675	3	0.5	5.85	0	0	0	0	62.52983	-4.166667	68.90927767	75.19086228
2012	7	18	3	0	0	3.797306039	3.797306039	1	0	0	0	0	0	0	62.57756	-4.166667	62.20819904	67.69540925
2012	7	19	4	0	0	9.958748335	9.958748335	1	0	0	0	0	0	0	62.6253	-5.128205	67.45584334	64.51354127
2012	7	20	5	0	0	5.986526258	5.986526258	3	0.5	5.85	1	19200	0.739204274	45.64586394	62.67303	-7.532051	112.6233692	116.3798756
2012	7	21	6	0	0	-11.04244732	-11.04244732	3	0.5	5.85	1	13500	0.483151706	29.71382993	62.67303	-5.769231	81.42518161	83.69275331
2012	7	22	0	0	0	-16.0290649	-16.0290649	4	1	11.7	0	0	0	0	62.7685	-0.6410257	57.7984094	58.39430057
2012	7	23	1	0	0	7.147935648	7.147935648	3	0.5	5.85	0	0	0	0	62.7685	4.166667	79.93310265	75.41616411
2012	7	24	2	0	0	1.827438438	1.827438438	1	0	0	1	14700	0.552468239	33.56244551	62.86396	5.929487	104.1833309	107.1232432
2012	7	25	3	0	0	6.002347636	6.002347636	3	0.5	5.85	0	0	0	0	62.95943	6.730769	81.54254664	81.86119038
2012	7	26	4	0	0	8.625266349	8.625266349	2	0.1	1.17	0	0	0	0	63.00716	5.288462	78.09088835	76.31670907
2012	7	27	5	0	0	14.62158421	14.62158421	2	0.1	1.17	0	0	0	0	63.05489	-0.1602564	78.68621781	83.29869653
2012	7	28	6	0	0	-13.08768962	-13.08768962	1	0	0	0	0	0	0	63.05489	0	49.96720038	54.92882722
2012	7	29	0	0	0	-5.060880127	-5.060880127	3	0.5	5.85	0	0	0	0	63.15036	0	63.93947987	68.30729938
2012	7	30	1	0	0	6.701048496	6.701048496	1	0	0	0	0	0	0	63.24582	3.205128	73.1519965	60.09677919
2012	7	31	2	0	0	4.838904872	4.838904872	2	0.1	1.17	0	0	0	0	63.29356	7.211538	76.51400287	72.02741871
2012	8	1	3	0	0	-3.33687997	-3.33687997	3	0.5	5.85	1	14700	0.552468239	32.45750903	63.34129	6.570513	104.8824321	109.5686087
2012	8	2	4	0	0	13.73043158	13.73043158	1	0	0	0	0	0	0	63.34129	3.365385	80.43710658	76.71042491
2012	8	3	5	0	0	10.72622128	10.72622128	1	0	0	1	7000	0	0	63.43675	0	74.16297128	76.20566943
2012	8	4	6	0	0	-26.10842809	-26.10842809	3	0.5	5.85	0	0	0	0	63.53222	-1.121795	42.15199691	43.06656027
2012	8	5	0	0	0	-7.032662514	-7.032662514	1	0	0	0	0	0	0	63.57995	-2.403846	54.14344149	59.68045294
2012	8	6	1	0	0	13.01801464	13.01801464	1	0	0	1	14700	0.552468239	31.76692373	63.62769	-1.923077	106.4895514	102.937693
2012	8	7	2	0	0	1.929494609	1.929494609	1	0	0	1	27700	0.905962405	51.86634768	63.72315	-0.9615384	116.5574539	116.268442
2012	8	8	3	0	0	-7.126201288	-7.126201288	3	0.5	5.85	0	0	0	0	63.72315	-0.1602564	62.28669231	64.0113094
2012	8	9	4	0	0	3.244341336	3.244341336	4	1	11.7	1	25200	0.873060322	49.54617329	63.81861	0.1602564	128.469381	134.8326533
2012	8	10	5	0	0	11.64949713	11.64949713	1	0	0	1	23000	0.834706365	47.16090962	63.91408	0.3205128	123.0449996	122.1580954
2012	8	11	6	0	0	-15.84755942	-15.84755942	1	0	0	1	12800	0.43786031	24.62964246	63.91408	0.1602564	72.85641945	74.30844943
2012	8	12	0	0	0	-10.45783086	-10.45783086	2	0.1	1.17	0	0	0	0	64.00954	0	54.72170914	48.00746811
2012	8	13	1	0	0	8.114202111	8.114202111	1	0	0	0	0	0	0	64.10501	0	72.21921211	75.38446226
2012	8	14	2	0	0	-8.816812102	-8.816812102	1	0	0	0	0	0	0	64.20048	0	55.3836679	56.41776643
2012	8	15	3	0	0	-0.923000654	-0.923000654	1	0	0	0	0	0	0	64.29594	0.1602564	63.53319575	66.72973246
2012	8	16	4	0	0	8.3093613	8.3093613	3	0.5	5.85	1	14500	0.541597397	29.78785685	64.34367	-0.1602564	108.1306317	106.0772789
2012	8	17	5	0	0	16.93676344	16.93676344	1	0	0	1	7800	0	0	64.48687	-0.6410257	80.78260774	89.20939085
2012	8	18	6	0	0	-14.13310943	-14.13310943	2	0.1	1.17	1	15800	0.607810349	33.12566404	64.58234	-1.282051	83.46284361	82.76371309
2012	8	19	0	0	0	-9.572224265	-9.572224265	1	0	0	0	0	0	0	64.6778	-1.76282	53.34275573	53.94844948
2012	8	20	1	0	0	16.7940549	16.7940549	2	0.1	1.17	0	0	0	0	64.77327	-1.602564	81.1347609	80.60636502
2012	8	21	2	0	0	2.00525419	2.00525419	1	0	0	0	0	0	0	64.9642	-0.1602564	66.80919779	71.04072225
2012	8	22	3	0	0	-5.605640303	-5.605640303	1	0	0	0	0	0	0	65.05967	2.24359	61.6976197	57.85537458
2012	8	23	4	0	0	3.207213612	3.207213612	2	0.1	1.17	0	0	0	0	65.1074	4.967949	74.45256261	75.45987464
2012	8	24	5	0	0	10.3122356	10.3122356	3	0.5	5.85	0	0	0	0	65.29833	5.929487	87.3900526	90.26290059
2012	8	25	6	0	0	-19.09008223	-19.09008223	3	0.5	5.85	1	19200	0.739204274	38.99302547	65.39379	3.846154	94.99288724	88.7666878
2012	8	26	0	0	0	-9.109605614	-9.109605614	1	0	0	0	0	0	0	65.58472	-0.801282	55.67383239	56.81242643
2012	8	27	1	0	0	12.40351116	12.40351116	3	0.5	5.85	1	47000	0.990727221	51.76549731	65.72792	-5.288462	130.4584665	127.4894562
2012	8	28	2	0	0	2.795770687	2.795770687	1	0	0	0	0	0	0	65.91885	-4.967949	63.74667169	70.89072562
2012	8	29	3	0	0	-0.041602576	-0.041602576	1	0	0	1	30400	0.931989028	48.23043222	66.06205	-1.923077	112.3278026	115.852293
2012	8	30	4	0	0	5.5072729	5.5072729	3	0.5	5.85	0	0	0	0	66.15752	-0.4807692	77.0340237	68.40835415
2012	8	31	5	0	0	18.24138983	18.24138983	3	0.5	5.85	1	12100	0.38860008	19.91575409	66.44392	2.083333	112.5343969	117.1308208
2012	9	1	6	0	0	-18.24922445	-18.24922445	1	0	0	0	0	0	0	66.53938	0.6410257	48.93118125	50.01988588
2012	9	2	0	0	0	-13.7741434	-13.7741434	2	0.1	1.17	1	20400	0.77418102	39.28968678	66.82578	-1.923077	91.58824638	88.78162257
2012	9	3	1	0	0	10.49340078	10.49340078	1	0	0	0	0	0	0	66.92124	-5.128205	72.28643578	70.50850764
2012	9	4	2	0	0	4.063532202	4.063532202	1	0	0	1	8100	0.011928362	0.599400201	67.3031	-6.089744	65.8762884	59.51557757
2012	9	5	3	0	0	-4.544221328	-4.544221328	3	0.5	5.85	1	28200	0.911439095	45.57195473	67.39857	-6.730769	107.5455344	109.4765187
2012	9	6	4	0	0	7.979980198	7.979980198	1	0	0	1	29900	0.927783076	46.62109955	67.5895	-6.25	115.9405797	107.7479641
2012	9	7	5	0	0	13.43758344	13.43758344	3	0.5	5.85	0	0	0	0	67.92363	-6.089744	81.12146944	80.42015556
2012	9	8	6	0	0	-14.78608927	-14.78608927	1	0	0	0	0	0	0	68.11456	-5.929487	47.39898373	49.67486177
2012	9	9	0	0	0	-11.60678364	-11.60678364	1	0	0	0	0	0	0	68.49642	-4.487179	52.40245736	52.81937417
2012	9	10	1	0	0	11.53247655	11.53247655	1	0	0	0	0	0	0	68.68735	-3.044872	77.17495455	81.47082116
2012	9	11	2	0	0	-0.270769821	-0.270769821	1	0	0	0	0	0	0	69.06921	1.121795	69.92023518	70.1729757
2012	9	12	3	0	0	-7.408531479	-7.408531479	3	0.5	5.85	1	60800	0.998234909	51.65865653	69.26014	4.807693	124.167958	135.7126786
2012	9	13	4	0	0	-0.795881245	-0.795881245	3	0.5	5.85	0	0	0	0	69.49881	2.403846	76.95677476	72.65945888
2012	9	14	5	0	0	12.48211622	12.48211622	3	0.5	5.85	0	0	0	0	69.9284	-2.083333	86.17718322	93.87276406
2012	9	15	6	0	0	-17.5937391	-17.5937391	1	0	0	0	0	0	0	70.16706	-3.846154	48.7271669	40.65483601
2012	9	16	0	0	0	-6.443367361	-6.443367361	4	1	11.7	1	21100	0.792375479	41.79780652	70.64439	-5.448718	112.2501112	106.8635289
2012	9	17	1	1	0	6.04002873	-6.443367361	3	0.5	5.85	1	12200	0.395893109	20.98233476	70.93079	-4.807693	86.5120644	82.00526166
2012	9	18	2	0	0	-2.518711414	-2.518711414	1	0	0	1	17000	0.660408631	35.16675958	71.40811	-3.685897	100.3702612	92.76469936
2012	9	19	3	0	0	-7.464616779	-7.464616779	3	0.5	5.85	1	12000	0.381219007	20.39521689	71.69451	-0.801282	89.67382812	97.09729734
2012	9	20	4	0	0	3.845314002	3.845314002	2	0.1	1.17	1	9800	0.194265921	10.44179324	71.88544	0.4807692	87.82331644	92.99183304
2012	9	21	5	0	0	12.38079127	12.38079127	2	0.1	1.17	0	0	0	0	72.45824	3.685897	89.69492827	96.55126076
2012	9	22	6	0	0	-17.62206629	-17.62206629	1	0	0	0	0	0	0	72.6969	3.044872	58.11970571	55.0750985
2012	9	23	0	0	0	-12.2601306	-12.2601306	2	0.1	1.17	0	0	0	0	73.22195	0.6410257	62.7728451	63.20083056
2012	9	24	1	0	0	0.142612652	0.142612652	1	0	0	0	0	0	0	73.50835	-1.923077	71.72788565	77.32042311
2012	9	25	2	0	0	5.815293927	5.815293927	2	0.1	1.17	0	0	0	0	73.69929	-3.044872	77.63971193	82.94236087
2012	9	26	3	0	0	-0.438860918	-0.438860918	2	0.1	1.17	0	0	0	0	74.27208	-4.326923	70.67629608	73.47697995
2012	9	27	4	0	0	3.796517198	3.796517198	2	0.1	1.17	1	18100	0.70240294	38.98336315	74.55847	-5.448718	113.0596323	113.8503701
2012	9	28	5	0	0	7.405354634	7.405354634	1	0	0	0	0	0	0	75.13126	-5.608974	76.92764063	71.10677452
2012	9	29	6	0	0	-21.19996479	-21.19996479	2	0.1	1.17	0	0	0	0	75.41766	-3.525641	51.86205421	53.41048519
2012	9	30	0	0	0	-8.567573749	-8.567573749	2	0.1	1.17	0	0	0	0	75.94272	0.801282	69.34642825	68.45395918
2012	10	1	1	0	0	14.49280305	14.49280305	3	0.5	5.85	1	9400	0.154647139	8.73756333	76.22912	3.365385	108.6748714	105.4022485
2012	10	2	2	0	0	7.560380384	7.560380384	1	0	0	1	18200	0.705952838	40.06282355	76.51551	8.493589	132.6323029	140.5130893
2012	10	3	3	0	0	-6.295533594	-6.295533594	1	0	0	1	20400	0.77418102	44.12831816	77.0883	11.85897	126.7800546	123.2730359
2012	10	4	4	0	0	7.762891379	7.762891379	3	0.5	5.85	0	0	0	0	77.3747	11.37821	102.3658014	103.5801833
2012	10	5	5	0	0	17.03670413	17.03670413	3	0.5	5.85	0	0	0	0	77.94749	8.01282	108.8470141	111.4271929
2012	10	6	6	0	0	-23.60536862	-23.60536862	1	0	0	1	15800	0.607810349	35.10104767	78.23389	5.128205	94.85777405	100.1135479
2012	10	7	0	0	0	-9.891053652	-9.891053652	1	0	0	1	14500	0.541597397	31.41264904	78.75895	-2.24359	98.03695539	99.87347737
2012	10	8	1	1	0	4.514127887	-9.891053652	2	0.1	1.17	0	0	0	0	79.04535	-10.41667	59.90762635	69.77370292
2012	10	9	2	0	0	3.149689	3.149689	3	0.5	5.85	0	0	0	0	79.33174	-16.02564	72.305789	74.53147274
2012	10	10	3	0	0	-5.464767049	-5.464767049	3	0.5	5.85	0	0	0	0	79.90453	-17.78846	62.50130295	60.05890211
2012	10	11	4	0	0	2.900249431	2.900249431	1	0	0	0	0	0	0	80.19093	-16.34615	66.74502943	67.25758711
2012	10	12	5	0	0	8.580090123	8.580090123	1	0	0	0	0	0	0	80.76373	-0.1602564	89.18356372	92.52920995
2012	10	13	6	0	0	-18.22198651	-18.22198651	3	0.5	5.85	0	0	0	0	81.00239	1.282051	69.91245449	58.95991045
2012	10	14	0	0	0	-17.64987601	-17.64987601	1	0	0	0	0	0	0	81.52744	11.05769	74.93525399	74.45743373
2012	10	15	1	0	0	9.8979564	9.8979564	1	0	0	0	0	0	0	81.81384	13.14103	104.8528264	105.0604549
2012	10	16	2	0	0	-2.054870637	-2.054870637	1	0	0	1	11000	0.302325577	18.21511599	82.10023	7.051282	105.3117574	104.118753
2012	10	17	3	0	0	-6.748476113	-6.748476113	3	0.5	5.85	0	0	0	0	82.57757	4.166667	85.84576089	86.10260357
2012	10	18	4	0	0	8.498538509	8.498538509	3	0.5	5.85	0	0	0	0	82.86396	-0.3205128	96.89198571	86.93295391
2012	10	19	5	0	0	13.10701708	13.10701708	4	1	11.7	0	0	0	0	83.34129	-1.442308	106.7059991	108.4371805
2012	10	20	6	0	0	-20.42808142	-20.42808142	1	0	0	1	8300	0.035359929	2.165795655	83.57996	-3.525641	61.79203323	61.80717994
2012	10	21	0	0	0	-6.849930974	-6.849930974	3	0.5	5.85	1	27700	0.905962405	55.71668791	84.05728	-8.333333	130.4407039	127.9785614
2012	10	22	1	0	0	9.191580406	9.191580406	2	0.1	1.17	1	16600	0.643710391	39.74911664	84.29594	-11.21795	123.188687	108.8665934
2012	10	23	2	0	0	-6.093190581	-6.093190581	1	0	0	1	27400	0.902515147	55.95593909	84.53461	-16.98718	117.4101785	115.3541148
2012	10	24	3	0	0	1.717685122	1.717685122	2	0.1	1.17	0	0	0	0	84.9642	-15.38461	72.46727512	73.05831781
2012	10	25	4	0	0	5.677228009	5.677228009	4	1	11.7	0	0	0	0	85.20287	-5.288462	97.29163601	96.93583217
2012	10	26	5	0	0	10.23964493	10.23964493	2	0.1	1.17	1	7600	0	0	85.58472	7.852564	104.8469289	101.8034418
2012	10	27	6	0	0	-19.36992828	-19.36992828	1	0	0	1	18200	0.705952838	44.47502879	85.77566	14.42308	125.3038405	126.9120669
2012	10	28	0	0	0	-5.936271108	-5.936271108	1	0	0	0	0	0	0	86.10979	21.95513	102.1286489	97.57620123
2012	10	29	1	0	0	13.30434786	13.30434786	1	0	0	1	24800	0.866818306	55.04296241	86.30071	16.50641	171.1544303	174.6508355
2012	10	30	2	0	0	5.7090616	5.7090616	1	0	0	1	16100	0.621678283	39.63199053	86.49165	3.365385	135.1980871	139.326749
2012	10	31	3	0	0	-2.715461629	-2.715461629	1	0	0	1	14500	0.541597397	34.66223342	86.77805	-8.974359	109.7504628	114.5381799
2012	11	1	4	0	0	4.582857428	4.582857428	1	0	0	0	0	0	0	86.8735	-11.69872	79.75763743	83.75186878
2012	11	2	5	0	0	10.49820237	10.49820237	2	0.1	1.17	0	0	0	0	87.1599	-4.166667	94.66143537	92.90079932
2012	11	3	6	0	0	-16.70833609	-16.70833609	1	0	0	0	0	0	0	87.25537	-0.1602564	70.38677751	70.26204337
2012	11	4	0	0	0	-12.39707518	-12.39707518	2	0.1	1.17	0	0	0	0	87.4463	31.73077	107.9499948	114.1753617
2012	11	5	1	0	0	7.785559617	7.785559617	1	0	0	0	0	0	0	87.54176	33.49359	128.8209096	131.8756194
2012	11	6	2	0	0	3.253914864	3.253914864	1	0	0	0	0	0	0	87.5895	18.58974	109.4331549	111.16757
2012	11	7	3	0	0	-0.45010677	-0.45010677	3	0.5	5.85	0	0	0	0	87.78043	9.615385	102.7957082	109.1916068
2012	11	8	4	0	0	-0.16433291	-0.16433291	2	0.1	1.17	1	10100	0.222756664	14.47918315	87.78043	-6.089744	97.17553624	94.04130703
2012	11	9	5	0	0	14.83879451	14.83879451	3	0.5	5.85	0	0	0	0	87.87589	-12.98077	95.58391451	95.71023087
2012	11	10	6	0	0	-19.95229946	-19.95229946	4	1	11.7	0	0	0	0	87.87589	-8.01282	71.61077054	78.11831555
2012	11	11	0	0	0	-9.725021151	-9.725021151	1	0	0	1	58500	0.997671878	64.10041816	87.87589	-0.1602564	142.0910306	140.8420821
2012	11	12	1	0	0	16.02781761	16.02781761	1	0	0	1	26000	0.884680447	56.61954859	87.87589	3.205128	163.7283842	164.4033759
2012	11	13	2	0	0	7.917579484	7.917579484	1	0	0	0	0	0	0	87.87589	6.891026	102.6844955	101.9511293
2012	11	14	3	0	0	-7.489597764	-7.489597764	1	0	0	0	0	0	0	87.82816	7.692307	88.03086924	94.20052221
2012	11	15	4	0	0	10.64661751	10.64661751	1	0	0	1	50600	0.993982233	62.86937622	87.78043	7.532051	168.8284747	169.5056046
2012	11	16	5	0	0	9.17172322	9.17172322	1	0	0	1	17200	0.668461948	42.11310273	87.68497	1.282051	140.251847	140.5880484
2012	11	17	6	0	0	-19.47055472	-19.47055472	1	0	0	0	0	0	0	87.68497	-2.564103	65.65031228	62.24420174
2012	11	18	0	0	0	-7.076295741	-7.076295741	3	0.5	5.85	0	0	0	0	87.5895	-11.85897	74.50423426	72.41191956
2012	11	19	1	0	0	12.13271051	12.13271051	1	0	0	1	11100	0.310647713	19.3378201	87.49403	-16.50641	102.4581506	94.61207957
2012	11	20	2	0	0	-3.851457849	-3.851457849	1	0	0	0	0	0	0	87.39857	-14.74359	68.80352215	70.85145485
2012	11	21	3	0	0	-4.925607122	-4.925607122	1	0	0	0	0	0	0	87.3031	-11.05769	71.31980288	75.55881884
2012	11	22	4	0	1	12.75865295	-0.133030119	1	0	0	1	6400	0	0	87.20763	-8.974359	78.10024088	71.41331933
2012	11	23	5	1	0	12.39117447	-7.076295741	1	0	0	0	0	0	0	87.01671	-4.647436	75.29297826	77.2997519
2012	11	24	6	0	0	-23.3432957	-23.3432957	3	0.5	5.85	0	0	0	0	86.96897	-0.1602564	69.3154179	70.96009739
2012	11	25	0	0	0	-11.62371482	-11.62371482	1	0	0	1	11000	0.302325577	18.36627878	86.8735	3.846154	97.46221796	98.43882296
2012	11	26	1	0	0	15.83026435	15.83026435	1	0	0	1	18800	0.726380468	43.94601832	86.68258	5.929487	152.3883497	152.7456627
2012	11	27	2	0	0	3.384333959	3.384333959	1	0	0	0	0	0	0	86.53938	2.403846	92.32755996	100.5022263
2012	11	28	3	0	0	-6.488746168	-6.488746168	1	0	0	1	30600	0.933602009	56.01612057	86.34845	0.3205128	136.1963372	137.8613726
2012	11	29	4	0	0	6.625060845	6.625060845	2	0.1	1.17	1	19100	0.736055797	43.97933387	86.20525	-5.288462	132.6911827	139.7002458
2012	11	30	5	0	0	14.08668204	14.08668204	1	0	0	0	0	0	0	85.96659	-8.814102	91.23917004	93.49425514
2012	12	1	6	0	0	-13.10979277	-13.10979277	1	0	0	0	0	0	0	85.82339	-7.692307	65.02129023	67.45790821
2012	12	2	0	0	0	-12.52699793	-12.52699793	1	0	0	1	7900	0	0	85.72792	-0.3205128	72.88040927	70.18172199
2012	12	3	1	0	0	10.08021618	10.08021618	2	0.1	1.17	1	24800	0.866818306	50.92557546	85.44153	4.166667	151.7839886	165.2385257
2012	12	4	2	0	0	5.984440063	5.984440063	3	0.5	5.85	1	5900	0	0	85.34606	13.94231	111.1228101	110.8237297
2012	12	5	3	0	0	-4.736483572	-4.736483572	3	0.5	5.85	1	13100	0.457737627	26.6632168	85.05967	17.94872	130.7851232	128.2977439
2012	12	6	4	0	0	12.44106298	12.44106298	1	0	0	0	0	0	0	84.86874	13.46154	110.771343	112.6834287
2012	12	7	5	0	0	15.87298471	15.87298471	1	0	0	0	0	0	0	84.58234	6.570513	107.0258377	109.0717386
2012	12	8	6	0	0	-26.63616388	-26.63616388	1	0	0	0	0	0	0	84.39141	3.685897	61.44114312	65.05987273
2012	12	9	0	0	0	-7.304168895	-7.304168895	1	0	0	0	0	0	0	84.24821	-0.801282	76.1427591	71.56813623
2012	12	10	1	0	0	5.923348295	5.923348295	1	0	0	0	0	0	0	83.91408	-0.9615384	88.8758899	88.18996444
2012	12	11	2	0	0	-3.858769827	-3.858769827	1	0	0	0	0	0	0	83.77088	1.602564	81.51467417	89.38614056
2012	12	12	3	0	0	-2.618316111	-2.618316111	3	0.5	5.85	1	13500	0.483151706	27.2980714	83.38902	5.128205	119.0469803	116.6323918
2012	12	13	4	0	0	6.826792888	6.826792888	1	0	0	0	0	0	0	83.15036	7.051282	97.02843489	95.24748232
2012	12	14	5	0	0	11.56916729	11.56916729	1	0	0	0	0	0	0	82.76849	6.570513	100.9081703	103.9592817
2012	12	15	6	0	0	-14.9428751	-14.9428751	1	0	0	1	4900	0	0	82.29117	1.442308	68.7906029	65.76042716
2012	12	16	0	0	0	-7.820048457	-7.820048457	1	0	0	0	0	0	0	82.10023	-4.326923	69.95325854	75.62581856
2012	12	17	1	0	0	8.907652718	8.907652718	1	0	0	1	28900	0.918574843	50.75126006	81.76611	-9.134615	132.2904078	134.4027492
2012	12	18	2	0	0	2.478353166	2.478353166	1	0	0	0	0	0	0	81.62291	-11.21795	72.88331317	73.33106172
2012	12	19	3	0	0	-4.957586036	-4.957586036	1	0	0	0	0	0	0	81.28878	-11.85897	64.47222396	56.51365399
2012	12	20	4	0	0	6.327553705	6.327553705	1	0	0	1	11100	0.310647713	16.93030033	81.14558	-11.69872	92.70471404	90.96887897
2012	12	21	5	0	0	7.107952353	7.107952353	1	0	0	1	13300	0.470597144	25.52989506	80.95465	-10.09615	103.4963474	113.6678273
2012	12	22	6	0	0	-20.46097792	-20.46097792	1	0	0	1	38800	0.975183519	52.65991001	80.66826	-7.211538	105.6556541	104.2261283
2012	12	23	0	0	0	-8.588254433	-8.588254433	1	0	0	0	0	0	0	80.52506	-4.487179	67.44962657	70.72152048
2012	12	24	1	1	0	8.793026052	-8.588254433	1	0	0	0	0	0	0	80.23866	-3.685897	67.96450857	63.34077048
2012	12	25	2	0	0	2.164922497	2.164922497	1	0	0	1	24300	0.85858242	45.71951389	80.09547	-3.365385	124.6145214	116.6610062
2012	12	26	3	0	0	-5.495073402	-5.495073402	1	0	0	0	0	0	0	79.80907	-4.00641	70.3075866	73.85457895
2012	12	27	4	0	0	4.023968562	4.023968562	5	1	11.7	0	0	0	0	79.7136	-5.288462	90.14910656	97.39574054
2012	12	28	5	0	0	10.8822447	10.8822447	3	0.5	5.85	1	15300	0.583558307	30.6368111	79.61814	-5.769231	121.2179648	113.4960632
2012	12	29	6	0	0	-18.03663633	-18.03663633	1	0	0	0	0	0	0	79.37948	-4.807693	56.53515067	60.76549691
2012	12	30	0	0	0	-9.821347949	-9.821347949	1	0	0	0	0	0	0	79.33174	-1.442308	68.06808405	69.7227464
2012	12	31	1	1	0	12.3627653	-9.821347949	5	1	11.7	1	22500	0.824484788	42.66708779	78.99761	3.525641	127.0689908	125.2380543
2013	1	1	2	1	0	5.880096771	-9.821347949	1	0	0	0	0	0	0	78.90215	3.685897	72.76669905	81.51312397
2013	1	2	3	1	0	-4.041044311	-9.821347949	1	0	0	0	0	0	0	78.66348	13.62179	82.46392205	77.43819724
2013	1	3	4	1	0	6.185522926	-9.821347949	1	0	0	0	0	0	0	78.56802	12.5	81.24667205	80.65947556
2013	1	4	5	0	0	13.74501816	13.74501816	2	0.1	1.17	0	0	0	0	78.47256	10.09615	103.4837282	106.8262559
2013	1	5	6	0	0	-25.0326498	-25.0326498	1	0	0	0	0	0	0	78.32935	3.205128	56.5018282	51.08945809
2013	1	6	0	0	0	-6.824696124	-6.824696124	3	0.5	5.85	0	0	0	0	78.23389	-1.442308	75.81688588	81.3467249
2013	1	7	1	0	0	9.460145654	9.460145654	2	0.1	1.17	1	21000	0.7898689	39.49344499	78.04296	-2.403846	125.7627046	125.1919377
2013	1	8	2	0	0	-2.552184107	-2.552184107	1	0	0	0	0	0	0	77.94749	-2.724359	72.67094689	78.81668842
2013	1	9	3	0	0	-9.972015084	-9.972015084	1	0	0	0	0	0	0	77.85203	-2.564103	65.31591192	65.19942784
2013	1	10	4	0	0	3.740087189	3.740087189	1	0	0	1	45800	0.98929004	50.20646955	77.75656	-1.282051	130.4210657	126.7455384
2013	1	11	5	0	0	7.019190943	7.019190943	1	0	0	1	19400	0.745389009	38.01483946	77.75656	-0.1602564	122.630334	115.9277598
2013	1	12	6	0	0	-24.71379259	-24.71379259	1	0	0	0	0	0	0	77.66109	-0.1602564	52.78704101	45.92171154
2013	1	13	0	0	0	-2.490834648	-2.490834648	1	0	0	0	0	0	0	77.56564	-0.801282	74.27352335	73.52823788
2013	1	14	1	1	0	6.751413337	-2.490834648	1	0	0	1	22400	0.822365842	42.55743232	77.5179	-0.4807692	117.1037285	107.0723487
2013	1	15	2	0	0	5.99003967	5.99003967	1	0	0	0	0	0	0	77.47017	-0.3205128	83.13969687	75.34185418
2013	1	16	3	0	0	-0.719017434	-0.719017434	2	0.1	1.17	1	20300	0.771454792	40.30851291	77.47017	-0.4807692	117.7488963	127.5624041
2013	1	17	4	0	0	3.060843539	3.060843539	1	0	0	0	0	0	0	77.42243	-0.6410257	79.84224784	78.95065672
2013	1	18	5	0	0	9.255077208	9.255077208	2	0.1	1.17	1	13000	0.451191203	23.80033598	77.42243	-1.923077	109.7247662	116.5128696
2013	1	19	6	0	0	-21.64079805	-21.64079805	5	1	11.7	0	0	0	0	77.3747	-2.564103	64.86979895	73.11475918
2013	1	20	0	0	0	-8.238362521	-8.238362521	1	0	0	1	17400	0.676324287	36.01426828	77.42243	-1.121795	104.0765408	104.6739636
2013	1	21	1	0	0	10.20670028	10.20670028	1	0	0	0	0	0	0	77.47017	2.403846	90.08071628	90.09881937
2013	1	22	2	0	0	5.307390121	5.307390121	1	0	0	0	0	0	0	77.47017	5.128205	87.90576512	88.88798235
2013	1	23	3	0	0	-4.070747609	-4.070747609	5	1	11.7	0	0	0	0	77.47017	1.923077	87.02249939	90.42119692
2013	1	24	4	0	0	-2.06138484	-2.06138484	1	0	0	0	0	0	0	77.56564	-5.608974	69.89528116	73.90090538
2013	1	25	5	0	0	11.3151329	11.3151329	5	1	11.7	1	45100	0.988350987	53.86512879	77.56564	-9.455129	144.9907727	134.9147698
2013	1	26	6	0	0	-27.40782738	-27.40782738	1	0	0	0	0	0	0	77.66109	-16.1859	34.06736262	34.30434256
2013	1	27	0	0	0	-5.248755459	-5.248755459	1	0	0	1	9500	0.164730825	9.060195392	77.75656	-18.42949	63.13850993	66.20399297
2013	1	28	1	0	0	8.609254074	8.609254074	1	0	0	1	17600	0.684000176	37.79100973	77.85203	-13.46154	110.7907538	109.9406614
2013	1	29	2	0	0	-2.460965743	-2.460965743	1	0	0	0	0	0	0	77.94749	-6.089744	69.39678026	70.52557788
2013	1	30	3	0	0	-5.266025661	-5.266025661	1	0	0	0	0	0	0	78.04296	-2.884615	69.89231934	74.35434004
2013	1	31	4	0	0	8.940922736	8.940922736	1	0	0	0	0	0	0	78.23389	0.3205128	87.49532554	86.75726004
2013	2	1	5	0	0	4.025767203	4.025767203	2	0.1	1.17	0	0	0	0	78.28162	-1.76282	81.7145672	89.40047875
2013	2	2	6	0	0	-18.98473283	-18.98473283	1	0	0	0	0	0	0	78.47256	-4.807693	54.68013417	56.94323094
2013	2	3	0	0	0	-12.88896706	-12.88896706	1	0	0	1	38000	0.972682399	55.19972615	78.61575	-5.929487	114.9970221	107.0185508
2013	2	4	1	0	0	11.56594621	11.56594621	1	0	0	1	14200	0.524794031	29.91325977	78.80668	-4.647436	115.63845	114.7026235
2013	2	5	2	0	0	4.716167644	4.716167644	5	1	11.7	0	0	0	0	78.94988	-0.9615384	94.40450924	97.24268158
2013	2	6	3	0	0	-0.621474533	-0.621474533	1	0	0	1	8500	0.058235833	3.348560393	79.04535	1.76282	83.53525586	84.34865144
2013	2	7	4	0	0	12.61184664	12.61184664	5	1	11.7	0	0	0	0	79.33174	2.083333	105.7269196	98.86700458
2013	2	8	5	0	0	12.2163416	12.2163416	1	0	0	0	0	0	0	79.42721	3.846154	95.4897056	86.06994305
2013	2	9	6	0	0	-22.80473181	-22.80473181	1	0	0	0	0	0	0	79.7136	6.570513	63.47938119	63.13914615
2013	2	10	0	0	0	-0.385171136	-0.385171136	1	0	0	1	9600	0.174694231	10.21961251	79.80907	7.692307	97.33581837	100.772353
2013	2	11	1	1	0	10.38701545	-0.385171136	1	0	0	0	0	0	0	79.95227	9.455129	89.02222786	85.48222422
2013	2	12	2	0	0	5.230319108	5.230319108	1	0	0	0	0	0	0	80.19093	8.173077	93.59432611	95.48271245
2013	2	13	3	0	0	0.823965865	0.823965865	1	0	0	1	12900	0.444565749	26.34052064	80.38186	5.929487	113.4758335	116.3796222
2013	2	14	4	0	0	8.419608393	8.419608393	3	0.5	5.85	0	0	0	0	80.66826	2.403846	97.34171439	102.2148449
2013	2	15	5	0	0	17.40168276	17.40168276	4	1	11.7	1	9700	0.18453879	11.02619271	80.76373	0.1602564	121.0518619	123.9891244
2013	2	16	6	0	0	-20.83596469	-20.83596469	2	0.1	1.17	0	0	0	0	81.05012	-4.967949	56.41620631	57.6426002
2013	2	17	0	0	0	-13.92561112	-13.92561112	1	0	0	0	0	0	0	81.14558	-9.775641	57.44432788	49.61430936
2013	2	18	1	0	0	10.15758569	10.15758569	1	0	0	0	0	0	0	81.28878	-12.82051	78.62585569	76.08521495
2013	2	19	2	0	0	-0.188853198	-0.188853198	3	0.5	5.85	0	0	0	0	81.52744	-11.21795	75.9706368	80.26203107
2013	2	20	3	0	0	-1.58801597	-1.58801597	1	0	0	1	13900	0.507374723	30.94985812	81.67065	-8.814102	102.2183902	104.4777237
2013	2	21	4	0	0	2.866800672	2.866800672	1	0	0	0	0	0	0	81.90931	-3.205128	81.57098267	77.08146149
2013	2	22	5	0	0	14.4232433	14.4232433	1	0	0	0	0	0	0	82.00478	1.442308	97.8703313	99.46538702
2013	2	23	6	0	0	-24.6555296	-24.6555296	2	0.1	1.17	0	0	0	0	82.24344	3.525641	62.2835514	61.81372885
2013	2	24	0	0	0	-1.97820196	-1.97820196	1	0	0	0	0	0	0	82.33891	3.205128	83.56583604	89.88737766
2013	2	25	1	0	0	17.39854946	17.39854946	1	0	0	1	12700	0.431073922	26.83435163	82.43436	2.724359	129.3916201	129.2215733
2013	2	26	2	0	0	0.204820235	0.204820235	1	0	0	0	0	0	0	82.6253	1.121795	83.95191524	82.01107008
2013	2	27	3	0	0	-2.339730844	-2.339730844	1	0	0	0	0	0	0	82.72076	-0.801282	79.57974716	78.277473
2013	2	28	4	0	0	5.105398687	5.105398687	1	0	0	1	14600	0.54706543	34.4651221	82.9117	-3.044872	119.4373488	115.0501762
2013	3	1	5	0	0	6.874263531	6.874263531	2	0.1	1.17	1	21100	0.792375479	50.11774905	83.00716	-4.807693	136.3614796	142.8252367
2013	3	2	6	0	0	-30.6453839	-30.6453839	3	0.5	5.85	0	0	0	0	83.10262	-5.608974	52.6982621	53.52420137
2013	3	3	0	0	0	-9.100377973	-9.100377973	1	0	0	0	0	0	0	83.19809	-5.608974	68.48873803	65.47270265
2013	3	4	1	0	0	11.46250697	11.46250697	3	0.5	5.85	0	0	0	0	83.19809	-5.608974	94.90162297	96.89464248
2013	3	5	2	0	0	8.569436156	8.569436156	1	0	0	1	24100	0.85514719	54.94320693	83.34129	0.801282	147.6552151	151.9499757
2013	3	6	3	0	0	-10.88184859	-10.88184859	4	1	11.7	1	46200	0.989792271	63.84160145	83.38902	-0.1602564	147.8885165	145.7789541
2013	3	7	4	0	0	3.951316966	3.951316966	2	0.1	1.17	0	0	0	0	83.48449	24.35897	112.964777	111.4373325
2013	3	8	5	0	0	15.22015197	15.22015197	1	0	0	0	0	0	0	83.48449	28.6859	127.390542	127.0946019
2013	3	9	6	0	0	-18.63045032	-18.63045032	1	0	0	1	15700	0.603075647	39.35068594	83.48449	28.52564	132.7303656	122.7210047
2013	3	10	0	0	0	-8.512984578	-8.512984578	1	0	0	0	0	0	0	83.48449	20.03205	95.00355542	95.78073753
2013	3	11	1	0	0	9.116955862	9.116955862	1	0	0	1	13400	0.476912088	31.35696981	83.48449	10.73718	134.6955957	134.9084068
2013	3	12	2	0	0	2.80378107	2.80378107	1	0	0	0	0	0	0	83.43675	3.846154	90.08668507	88.77648908
2013	3	13	3	0	0	-3.843621392	-3.843621392	3	0.5	5.85	0	0	0	0	83.38902	1.602564	86.99796261	81.89199632
2013	3	14	4	0	0	7.05464446	7.05464446	1	0	0	0	0	0	0	83.29356	-1.282051	89.06615346	94.39293898
2013	3	15	5	0	0	9.388283219	9.388283219	5	1	11.7	0	0	0	0	83.24583	-3.205128	101.1289852	98.84103103
2013	3	16	6	0	0	-15.24574046	-15.24574046	3	0.5	5.85	0	0	0	0	83.19809	-3.365385	70.43696454	71.11348411
2013	3	17	0	0	0	-4.760254888	-4.760254888	3	0.5	5.85	0	0	0	0	83.00716	-3.525641	80.57126411	91.13520209
2013	3	18	1	0	0	16.94703284	16.94703284	1	0	0	1	40700	0.98024428	66.16648892	83.00716	-4.00641	162.1142718	159.1551033
2013	3	19	2	0	1	0.531323315	-5.779502193	1	0	0	0	0	0	0	82.81623	-5.288462	71.74826581	68.40457634
2013	3	20	3	1	0	-4.117346819	-4.760254888	1	0	0	1	47000	0.990727221	67.36945104	82.72076	-5.929487	139.4004692	140.1698629
2013	3	21	4	0	0	5.198881503	5.198881503	1	0	0	1	16800	0.652159695	44.50989921	82.52983	-3.685897	128.5527137	127.1257557
2013	3	22	5	0	0	17.19657905	17.19657905	3	0.5	5.85	1	13300	0.470597144	32.23590436	82.43436	-0.3205128	137.3963306	134.9328484
2013	3	23	6	0	0	-21.19888197	-21.19888197	3	0.5	5.85	0	0	0	0	82.29117	2.24359	69.18587803	71.23473573
2013	3	24	0	0	0	-8.609459423	-8.609459423	3	0.5	5.85	0	0	0	0	82.10023	2.403846	81.74461658	82.89139883
2013	3	25	1	0	0	13.12475211	13.12475211	1	0	0	1	5300	0	0	81.95704	0.801282	95.88307411	90.50994595
2013	3	26	2	0	0	4.712850227	4.712850227	1	0	0	0	0	0	0	81.71838	-2.24359	84.18764023	77.28388596
2013	3	27	3	0	0	-3.970693089	-3.970693089	2	0.1	1.17	0	0	0	0	81.57518	-4.487179	74.28730791	77.27847412
2013	3	28	4	0	0	15.98386266	15.98386266	2	0.1	1.17	0	0	0	0	81.43198	-4.00641	94.57943266	90.38208945
2013	3	29	5	0	0	7.990021378	7.990021378	1	0	0	0	0	0	0	81.14558	-3.205128	85.93047338	81.15334808
2013	3	30	6	0	0	-25.70622869	-25.70622869	1	0	0	0	0	0	0	81.05012	-1.121795	54.22209631	60.40318666
2013	3	31	0	0	0	-8.830789342	-8.830789342	1	0	0	1	39200	0.976346868	69.07654092	80.76373	0	141.0094816	141.3894023
2013	4	1	1	0	0	18.66977388	18.66977388	1	0	0	1	9800	0.194265921	13.79288037	80.57279	2.24359	115.2790343	112.5811697
2013	4	2	2	0	0	2.211001309	2.211001309	2	0.1	1.17	1	8200	0.023714439	1.689653814	80.2864	4.326923	89.68397812	93.55166872
2013	4	3	3	0	0	-2.46109584	-2.46109584	1	0	0	0	0	0	0	80.09547	3.525641	81.16001516	87.68151778
2013	4	4	4	0	0	10.05281046	10.05281046	1	0	0	0	0	0	0	79.95227	-0.801282	89.20379846	94.12934833
2013	4	5	5	0	0	11.30410718	11.30410718	2	0.1	1.17	1	107800	1	72	79.61814	-6.410256	157.6819912	152.6233836
2013	4	6	6	0	0	-19.58521382	-19.58521382	1	0	0	0	0	0	0	79.42721	-8.814102	51.02789418	47.99774906
2013	4	7	0	0	0	-4.166060497	-4.166060497	3	0.5	5.85	0	0	0	0	79.09308	-7.532051	73.2449685	74.82859878
2013	4	8	1	0	0	11.97498408	11.97498408	3	0.5	5.85	0	0	0	0	78.90215	-4.967949	91.75918508	84.93572954
2013	4	9	2	0	0	-1.008786076	-1.008786076	3	0.5	5.85	0	0	0	0	78.52029	-3.525641	79.83586292	77.92603153
2013	4	10	3	0	0	-1.320303121	-1.320303121	2	0.1	1.17	0	0	0	0	78.37709	-0.3205128	77.90627408	77.83481037
2013	4	11	4	0	0	2.233918264	2.233918264	3	0.5	5.85	0	0	0	0	78.18616	3.365385	89.63546326	89.3083726
2013	4	12	5	0	0	5.8668303	5.8668303	1	0	0	1	18900	0.729644355	53.81127122	77.8043	6.891026	144.3734275	145.4905896
2013	4	13	6	0	0	-20.49084914	-20.49084914	1	0	0	0	0	0	0	77.56564	9.935898	67.01068886	67.92659969
2013	4	14	0	0	0	-13.40371677	-13.40371677	1	0	0	1	16000	0.617110998	45.82049159	77.18377	10.89744	120.4979848	124.951291
2013	4	15	1	0	0	13.92369229	13.92369229	3	0.5	5.85	0	0	0	0	76.99284	8.173077	104.9396093	104.6742501
2013	4	16	2	0	0	1.412210043	1.412210043	3	0.5	5.85	1	3000	0	0	76.61098	1.602564	85.47575404	81.32646346
2013	4	17	3	0	0	-5.96533846	-5.96533846	1	0	0	0	0	0	0	76.42004	-3.685897	66.76880454	66.16365905
2013	4	18	4	0	0	13.09159031	13.09159031	3	0.5	5.85	1	15400	0.588525818	44.28656779	76.22912	-3.846154	135.6111241	134.5628339
2013	4	19	5	0	0	11.26023782	11.26023782	2	0.1	1.17	1	29900	0.927783076	70.0476222	75.75179	-1.76282	156.46683	156.6647778
2013	4	20	6	0	0	-14.31318058	-14.31318058	3	0.5	5.85	0	0	0	0	75.56086	4.647436	71.74511542	79.1500664
2013	4	21	0	0	0	-9.453684196	-9.453684196	1	0	0	1	21100	0.792375479	60.2205364	75.179	9.775641	135.7214932	138.5547935
2013	4	22	1	0	0	10.28287623	10.28287623	2	0.1	1.17	0	0	0	0	74.94033	9.615385	96.00859123	104.956493
2013	4	23	2	0	0	3.493843934	3.493843934	3	0.5	5.85	0	0	0	0	74.70167	4.807693	88.85320693	94.42344619
2013	4	24	3	0	0	1.219552524	1.219552524	1	0	0	1	28800	0.917591779	70.42516901	74.31981	1.602564	147.5670955	156.5374682
2013	4	25	4	0	0	17.42310019	17.42310019	1	0	0	0	0	0	0	74.12888	-4.487179	87.06480119	80.24205669
2013	4	26	5	0	0	7.560216515	7.560216515	2	0.1	1.17	1	55900	0.996817121	77.00412257	73.69929	-8.173077	151.2605521	147.7233522
2013	4	27	6	0	0	-20.73371943	-20.73371943	1	0	0	0	0	0	0	73.50835	-7.051282	45.72334857	42.94192684
2013	4	28	0	0	0	-4.68891477	-4.68891477	1	0	0	1	33700	0.954230219	74.1913995	73.1265	-3.044872	139.5841127	138.0337073
2013	4	29	1	1	0	12.9664809	-4.68891477	1	0	0	1	12000	0.381219007	29.73508258	72.88783	2.083333	100.0173308	98.13643413
2013	4	30	2	1	0	1.250625504	-4.68891477	1	0	0	0	0	0	0	72.6969	4.166667	72.17465223	74.46728227
2013	5	1	3	1	0	-8.111436434	-4.68891477	1	0	0	0	0	0	0	72.31503	2.564103	70.19021823	63.88447248
2013	5	2	4	1	0	5.485366952	-4.68891477	1	0	0	1	25300	0.87457457	68.87274741	72.12411	-1.442308	134.8656346	132.2283088
2013	5	3	5	1	0	10.96098437	-4.68891477	1	0	0	0	0	0	0	71.74224	-3.685897	63.36742823	60.58335712
2013	5	4	6	0	0	-20.32710999	-20.32710999	2	0.1	1.17	1	14500	0.541597397	42.92159373	71.55132	-1.76282	93.55298374	91.68079011
2013	5	5	0	0	0	-2.551032825	-2.551032825	4	1	11.7	1	11700	0.358536836	28.50367843	71.16945	-0.6410257	108.1810699	105.15907
2013	5	6	1	1	0	9.752240642	-2.551032825	1	0	0	0	0	0	0	70.97852	-0.3205128	68.10697437	74.12260973
2013	5	7	2	0	0	-4.304201203	-4.304201203	1	0	0	0	0	0	0	70.78759	-0.1602564	66.3231324	70.16749856
2013	5	8	3	0	0	-0.914267706	-0.914267706	3	0.5	5.85	1	2800	0	0	70.45346	1.282051	76.67124329	77.86299841
2013	5	9	4	0	0	6.152184865	6.152184865	1	0	0	0	0	0	0	70.31026	2.884615	79.34705986	72.27191916
2013	5	10	5	0	0	10.8826144	10.8826144	1	0	0	1	10100	0.222756664	17.98760061	69.97614	3.044872	101.891227	116.5600989
2013	5	11	6	0	0	-17.45772735	-17.45772735	1	0	0	0	0	0	0	69.88067	2.403846	54.82678865	59.50191744
2013	5	12	0	0	0	-20.62669582	-20.62669582	1	0	0	0	0	0	0	69.73747	0.3205128	49.43128698	55.60070959
2013	5	13	1	0	0	9.385366989	9.385366989	1	0	0	1	22100	0.815854281	66.49212389	69.49881	-3.205128	142.1711729	132.7142493
2013	5	14	2	0	0	1.386192687	1.386192687	2	0.1	1.17	1	62600	0.998579026	81.6338354	69.35561	-7.532051	146.0135871	144.9003306
2013	5	15	3	0	0	-0.478837937	-0.478837937	3	0.5	5.85	0	0	0	0	69.16468	-9.615385	64.92045706	68.7610947
2013	5	16	4	0	0	5.555973615	5.555973615	1	0	0	0	0	0	0	69.06921	-11.21795	63.40723362	65.34700191
2013	5	17	5	0	0	7.67944615	7.67944615	4	1	11.7	0	0	0	0	68.87828	-9.294871	78.96285515	82.00852031
2013	5	18	6	0	0	-18.50973554	-18.50973554	1	0	0	0	0	0	0	68.78281	-5.929487	44.34358746	47.2961805
2013	5	19	0	0	0	-8.922215294	-8.922215294	1	0	0	0	0	0	0	68.68735	-3.205128	56.56000671	54.38430294
2013	5	20	1	0	0	12.04211526	12.04211526	1	0	0	0	0	0	0	68.59189	-3.365385	77.26862026	76.01477077
2013	5	21	2	0	0	6.626281748	6.626281748	1	0	0	0	0	0	0	68.49642	-3.685897	71.43680475	66.80545783
2013	5	22	3	0	0	-5.068881841	-5.068881841	3	0.5	5.85	0	0	0	0	68.40096	-3.525641	65.65643716	71.09361618
2013	5	23	4	0	0	1.603194866	1.603194866	1	0	0	1	22300	0.820221315	68.89859047	68.40096	-2.564103	136.3386423	126.6188463
2013	5	24	5	0	0	6.579949613	6.579949613	1	0	0	0	0	0	0	68.30549	-2.24359	72.64184961	71.23874742
2013	5	25	6	0	0	-24.09573115	-24.09573115	2	0.1	1.17	0	0	0	0	68.30549	-2.724359	42.65539985	46.71578763
2013	5	26	0	0	0	-14.55060232	-14.55060232	2	0.1	1.17	0	0	0	0	68.30549	-2.724359	52.20052868	51.16201025
2013	5	27	1	0	0	11.40311554	11.40311554	3	0.5	5.85	1	24000	0.853398409	72.53886474	68.25776	-2.884615	155.1651253	162.4189119
2013	5	28	2	0	0	9.243842922	9.243842922	2	0.1	1.17	0	0	0	0	68.25776	-4.166667	74.50493592	78.71240181
2013	5	29	3	0	0	-3.298040263	-3.298040263	1	0	0	1	9000	0.113080275	9.668363508	68.25776	-5.769231	68.85885225	64.53016313
2013	5	30	4	0	0	9.708948497	9.708948497	1	0	0	0	0	0	0	68.25776	-4.967949	72.9987595	72.69937046
2013	5	31	5	0	0	7.289614699	7.289614699	3	0.5	5.85	0	0	0	0	68.30549	-3.365385	78.0797197	78.13737547
2013	6	1	6	0	0	-20.88657913	-20.88657913	1	0	0	1	18100	0.70240294	60.58225355	68.30549	1.442308	109.4434724	110.7890297
2013	6	2	0	0	0	-6.73562015	-6.73562015	3	0.5	5.85	0	0	0	0	68.30549	5.929487	73.34935685	70.70855432
2013	6	3	1	0	0	10.18016262	10.18016262	3	0.5	5.85	1	4500	0	0	68.40096	6.25	90.68112262	87.59575341
2013	6	4	2	0	0	5.141050406	5.141050406	3	0.5	5.85	0	0	0	0	68.40096	5.288462	84.68047241	83.36860983
2013	6	5	3	0	0	-0.123810486	-0.123810486	1	0	0	0	0	0	0	68.49642	7.692307	76.06491651	80.62665237
2013	6	6	4	0	0	4.069080418	4.069080418	2	0.1	1.17	0	0	0	0	68.59189	9.134615	82.96558542	88.58363835
2013	6	7	5	0	0	8.612165432	8.612165432	1	0	0	0	0	0	0	68.59189	12.01923	89.22328543	86.20568686
2013	6	8	6	0	0	-10.56873045	-10.56873045	2	0.1	1.17	0	0	0	0	68.68735	6.25	65.53861955	65.81523652
2013	6	9	0	0	0	-9.770197345	-9.770197345	3	0.5	5.85	1	22100	0.815854281	71.99914028	68.78281	-4.00641	132.8553429	127.8520508
2013	6	10	1	0	0	11.62647734	11.62647734	2	0.1	1.17	1	25200	0.873060322	77.26583852	68.87828	-12.66026	146.2803359	142.4894417
2013	6	11	2	0	0	1.781815901	1.781815901	3	0.5	5.85	0	0	0	0	68.97375	-13.94231	62.6632559	59.60607683
2013	6	12	3	0	0	-5.172827522	-5.172827522	4	1	11.7	1	18400	0.712926107	63.45042352	69.16468	-10.89744	128.244836	121.6612247
2013	6	13	4	0	0	2.892096225	2.892096225	1	0	0	0	0	0	0	69.21241	-4.326923	67.77758323	57.74050814
2013	6	14	5	0	0	7.157059274	7.157059274	2	0.1	1.17	1	25200	0.873060322	78.13889884	69.26014	0.4807692	156.2068673	160.046878
2013	6	15	6	0	0	-16.34415064	-16.34415064	3	0.5	5.85	1	19800	0.757321957	67.96964563	69.45107	2.083333	129.009898	131.0387046
2013	6	16	0	0	0	-12.94425133	-12.94425133	2	0.1	1.17	0	0	0	0	69.54654	2.24359	60.01587867	55.85729927
2013	6	17	1	0	0	14.26994165	14.26994165	2	0.1	1.17	1	26200	0.887415317	80.08923238	69.73747	2.564103	167.830747	172.6211259
2013	6	18	2	0	0	7.626381959	7.626381959	3	0.5	5.85	0	0	0	0	69.83294	1.923077	85.23239896	94.28599522
2013	6	19	3	0	0	1.73111584	1.73111584	3	0.5	5.85	1	51200	0.994400719	89.74466488	70.02386	0	167.3496407	154.5995683
2013	6	20	4	0	0	6.04498721	6.04498721	2	0.1	1.17	0	0	0	0	70.11933	-1.76282	75.57149721	81.32277261
2013	6	21	5	0	0	9.542712596	9.542712596	3	0.5	5.85	1	32600	0.947770834	85.06243232	70.2148	-2.403846	168.2660989	174.4055672
2013	6	22	6	0	0	-24.315574	-24.315574	2	0.1	1.17	0	0	0	0	70.26253	-1.76282	45.354136	46.11465182
2013	6	23	0	0	0	-9.07424856	-9.07424856	2	0.1	1.17	0	0	0	0	70.50119	-0.801282	61.79565944	59.18024039
2013	6	24	1	0	0	10.66953726	10.66953726	1	0	0	1	16700	0.647960391	57.66847478	70.69212	-1.76282	137.267312	131.7593452
2013	6	25	2	0	0	2.62517417	2.62517417	2	0.1	1.17	0	0	0	0	70.83532	-1.76282	72.86767417	68.46902276
2013	6	26	3	0	0	-5.316039019	-5.316039019	1	0	0	1	8200	0.023714439	2.098727895	70.93079	2.403846	70.11732488	66.93382359
2013	6	27	4	0	0	9.11614048	9.11614048	1	0	0	0	0	0	0	71.12172	5.448718	85.68657848	75.15692133
2013	6	28	5	0	0	14.55667828	14.55667828	2	0.1	1.17	1	21200	0.794852159	69.94698999	71.21719	12.82051	169.7113683	166.4800765
2013	6	29	6	0	0	-15.69645559	-15.69645559	3	0.5	5.85	1	12800	0.43786031	38.42224224	71.45585	16.1859	116.2175366	121.1515038
2013	6	30	0	0	0	-0.00097793	-0.00097793	2	0.1	1.17	0	0	0	0	71.55132	12.01923	84.73957207	80.96507134
2013	7	1	1	0	0	12.3915624	12.3915624	3	0.5	5.85	1	41200	0.98139513	85.62672512	71.78998	4.807693	180.4659605	188.2919848
2013	7	2	2	0	0	-0.302185274	-0.302185274	2	0.1	1.17	1	6100	0	0	71.88544	1.442308	74.19556273	73.94531642
2013	7	3	3	0	0	-3.20928346	-3.20928346	3	0.5	5.85	0	0	0	0	71.9809	-2.564103	72.05751354	72.61265707
2013	7	4	4	0	0	0.088320444	0.088320444	2	0.1	1.17	0	0	0	0	72.21957	-3.044872	70.43301844	72.81037367
2013	7	5	5	0	0	12.21969262	12.21969262	1	0	0	0	0	0	0	72.36277	-2.564103	82.01835962	77.32334009
2013	7	6	6	0	0	-21.70269253	-21.70269253	1	0	0	0	0	0	0	72.5537	-3.685897	47.16511047	43.29488237
2013	7	7	0	0	0	-7.375953006	-7.375953006	2	0.1	1.17	1	12700	0.431073922	36.96458879	72.6969	-4.326923	99.12861279	97.01082045
2013	7	8	1	0	0	10.52475926	10.52475926	1	0	0	0	0	0	0	72.93556	-4.00641	79.45390926	88.31830673
2013	7	9	2	0	0	-3.523938145	-3.523938145	2	0.1	1.17	0	0	0	0	73.03103	-2.884615	67.79247685	69.92523015
2013	7	10	3	0	0	-2.753666715	-2.753666715	1	0	0	1	21200	0.794852159	67.56243351	73.17422	-2.403846	135.5791408	135.1067899
2013	7	11	4	0	0	1.187021875	1.187021875	1	0	0	0	0	0	0	73.41289	-3.525641	71.07427088	65.49129371
2013	7	12	5	0	0	15.28802478	15.28802478	3	0.5	5.85	0	0	0	0	73.55608	-4.00641	90.68769478	90.25051904
2013	7	13	6	0	0	-27.31743885	-27.31743885	2	0.1	1.17	0	0	0	0	73.79475	-3.365385	44.28192615	46.2445566
2013	7	14	0	0	0	-9.567507777	-9.567507777	1	0	0	0	0	0	0	73.89021	-2.564103	61.75859922	59.95548838
2013	7	15	1	1	0	13.43192711	-9.567507777	3	0.5	5.85	1	14900	0.563081286	47.15805772	74.08115	-0.801282	116.7204179	112.2804961
2013	7	16	2	0	0	-4.078470052	-4.078470052	3	0.5	5.85	1	11300	0.326995362	27.30411273	74.31981	1.442308	104.8377607	100.1056779
2013	7	17	3	0	0	2.696221259	2.696221259	3	0.5	5.85	0	0	0	0	74.46301	2.884615	85.89384626	84.79428848
2013	7	18	4	0	0	3.058643236	3.058643236	1	0	0	1	13600	0.489316896	40.61330238	74.94033	1.76282	120.3750956	122.0861962
2013	7	19	5	0	0	9.674678835	9.674678835	1	0	0	1	24200	0.856875111	70.9064154	74.84487	-2.403846	153.0221182	157.8717389
2013	7	20	6	0	0	-19.34667158	-19.34667158	3	0.5	5.85	0	0	0	0	75.13126	-7.532051	54.10253742	47.42527172
2013	7	21	0	0	0	-10.34857543	-10.34857543	3	0.5	5.85	1	28500	0.914570805	75.2234487	75.22673	-11.21795	134.7336533	130.7292559
2013	7	22	1	0	0	7.456193872	7.456193872	4	1	11.7	0	0	0	0	75.41766	-8.333333	86.24052087	76.00653915
2013	7	23	2	0	0	3.637351713	3.637351713	3	0.5	5.85	1	24600	0.863583127	70.59792064	75.70406	-0.1602564	155.629076	156.179357
2013	7	24	3	0	0	-4.996893833	-4.996893833	1	0	0	0	0	0	0	75.79952	1.602564	72.40519017	75.98569204
2013	7	25	4	0	0	8.626001494	8.626001494	3	0.5	5.85	1	66900	0.999154353	81.18129117	76.08592	8.493589	180.2368017	181.5074047
2013	7	26	5	0	0	9.681108549	9.681108549	2	0.1	1.17	0	0	0	0	76.27685	11.85897	98.98692855	105.1307395
2013	7	27	6	0	0	-23.82900132	-23.82900132	2	0.1	1.17	0	0	0	0	76.56325	8.814102	62.71835068	65.63537071
2013	7	28	0	0	0	-9.378537434	-9.378537434	1	0	0	1	33800	0.954776249	76.85948803	76.70644	6.25	150.4373906	147.5017667
2013	7	29	1	0	0	14.19775727	14.19775727	3	0.5	5.85	1	19600	0.751427077	60.30202295	76.84964	0.9615384	158.1609586	165.3942854
2013	7	30	2	0	0	2.969287197	2.969287197	1	0	0	0	0	0	0	77.13604	-0.9615384	79.1437888	81.36075897
2013	7	31	3	0	0	-3.135736361	-3.135736361	2	0.1	1.17	0	0	0	0	77.32697	0.1602564	75.52149004	78.41122447
2013	8	1	4	0	0	-1.191176286	-1.191176286	3	0.5	5.85	0	0	0	0	77.61337	1.282051	83.55424471	78.94506989
2013	8	2	5	0	0	17.50577453	17.50577453	1	0	0	0	0	0	0	77.8043	1.76282	97.07289453	95.826261
2013	8	3	6	0	0	-20.15975871	-20.15975871	1	0	0	1	10900	0.293902973	23.2183349	78.09069	1.76282	82.91208619	76.80259296
2013	8	4	0	0	0	-12.45599076	-12.45599076	3	0.5	5.85	1	99700	0.999989658	78.7491856	78.28162	0.6410257	151.0658405	150.7031423
2013	8	5	1	0	0	10.79323904	10.79323904	1	0	0	1	24900	0.86840701	68.1699503	78.42482	-1.76282	155.6251893	162.4496956
2013	8	6	2	0	0	3.045022251	3.045022251	1	0	0	0	0	0	0	78.75895	-4.166667	77.63730525	75.34965015
2013	8	7	3	0	0	-8.973405533	-8.973405533	1	0	0	1	10700	0.276751499	21.58661695	78.90215	-5.288462	86.22689942	86.55290051
2013	8	8	4	0	0	9.469234529	9.469234529	3	0.5	5.85	0	0	0	0	79.23627	-4.487179	90.06832553	93.98822721
2013	8	9	5	0	0	12.68733091	12.68733091	4	1	11.7	0	0	0	0	79.42721	-1.76282	102.0517209	94.11318055
2013	8	10	6	0	0	-15.18893181	-15.18893181	1	0	0	1	18400	0.712926107	55.07354176	79.5704	1.602564	121.0575739	114.2107524
2013	8	11	0	0	0	-5.055842918	-5.055842918	1	0	0	1	13400	0.476912088	36.7222308	79.90453	4.487179	116.0580969	111.4204979
2013	8	12	1	0	0	9.448237604	9.448237604	2	0.1	1.17	0	0	0	0	80.09547	3.044872	93.7585796	95.2627874
2013	8	13	2	0	0	0.038869033	0.038869033	1	0	0	0	0	0	0	80.4296	2.24359	82.71205903	83.11440376
2013	8	14	3	0	0	-6.88206469	-6.88206469	1	0	0	0	0	0	0	80.62052	-0.4807692	73.25768611	79.49142026
2013	8	15	4	0	0	5.153188287	5.153188287	1	0	0	1	13800	0.501427533	38.10849249	80.95465	-0.1602564	124.0560744	117.8838289
2013	8	16	5	0	0	15.47741925	15.47741925	3	0.5	5.85	0	0	0	0	81.14558	-1.923077	100.5499222	98.35457577
2013	8	17	6	0	0	-12.83117195	-12.83117195	1	0	0	0	0	0	0	81.33652	-3.846154	64.65919405	54.15122428
2013	8	18	0	0	0	-5.286362417	-5.286362417	2	0.1	1.17	1	9200	0.134113096	10.09201047	81.67065	-4.807693	82.83860506	90.93238591
2013	8	19	1	0	0	4.280249321	4.280249321	1	0	0	0	0	0	0	81.86157	-5.769231	80.37258832	85.79423078
2013	8	20	2	0	0	5.287512425	5.287512425	2	0.1	1.17	0	0	0	0	82.24344	-5.128205	83.57274742	80.36874289
2013	8	21	3	0	0	1.245075048	1.245075048	1	0	0	1	17600	0.684000176	51.64201329	82.38663	-3.044872	132.2288463	130.9647472
2013	8	22	4	0	0	9.069680577	9.069680577	1	0	0	0	0	0	0	82.76849	0	91.83817058	91.16402421
2013	8	23	5	0	0	8.280278548	8.280278548	2	0.1	1.17	0	0	0	0	82.95943	2.724359	95.13406755	104.1108475
2013	8	24	6	0	0	-15.74195793	-15.74195793	3	0.5	5.85	1	19900	0.760216765	57.96652836	83.15036	3.685897	134.9108274	135.102811
2013	8	25	0	0	0	-6.082074168	-6.082074168	3	0.5	5.85	0	0	0	0	83.48449	4.00641	87.25882583	89.32381728
2013	8	26	1	0	0	14.25062634	14.25062634	1	0	0	0	0	0	0	83.67542	4.487179	102.4132253	105.911086
2013	8	27	2	0	0	0.474371189	0.474371189	3	0.5	5.85	0	0	0	0	84.05728	5.288462	95.67011319	99.11906791
2013	8	28	3	0	0	0.483567111	0.483567111	1	0	0	1	8400	0.046866508	3.620437733	84.24821	5.769231	94.12144584	85.76614852
2013	8	29	4	0	0	7.046367538	7.046367538	1	0	0	0	0	0	0	84.43914	4.647436	96.13294354	99.83318508
2013	8	30	5	0	0	11.42891895	11.42891895	3	0.5	5.85	1	2200	0	0	84.821	0.6410257	102.7409447	98.12032016
2013	8	31	6	0	0	-14.05160761	-14.05160761	3	0.5	5.85	0	0	0	0	85.01193	-4.807693	72.00262939	71.84418652
2013	9	1	0	0	0	-5.971106493	-5.971106493	1	0	0	0	0	0	0	85.39379	-9.134615	70.28806851	60.6491036
2013	9	2	1	0	0	0.103830026	0.103830026	2	0.1	1.17	1	14000	0.513250974	40.29020147	85.58472	-6.730769	120.4179825	121.4894976
2013	9	3	2	0	0	0.293830204	0.293830204	1	0	0	0	0	0	0	85.96659	-4.487179	81.7732412	76.74804688
2013	9	4	3	0	0	-8.849625183	-8.849625183	1	0	0	0	0	0	0	86.15752	1.602564	78.91045882	68.01569136
2013	9	5	4	0	0	8.955166583	8.955166583	3	0.5	5.85	1	16700	0.647960391	51.35086097	86.34845	5.448718	157.9531956	149.5904499
2013	9	6	5	0	0	9.929601957	9.929601957	1	0	0	0	0	0	0	86.73031	4.00641	100.666322	93.56271128
2013	9	7	6	0	0	-16.39478079	-16.39478079	3	0.5	5.85	1	23600	0.846189603	67.48362083	86.92124	-0.9615384	142.8985416	145.6511998
2013	9	8	0	0	0	-7.128686639	-7.128686639	1	0	0	1	17000	0.660408631	52.83269045	87.3031	-4.00641	129.0006938	130.5528597
2013	9	9	1	0	0	11.68816127	11.68816127	1	0	0	1	21100	0.792375479	63.58813219	87.49403	-8.814102	153.9562215	157.381591
2013	9	10	2	0	0	1.659568673	1.659568673	1	0	0	1	8300	0.035359929	2.846474289	87.87589	-7.532051	84.84988196	82.19032951
2013	9	11	3	0	0	-4.345068571	-4.345068571	1	0	0	0	0	0	0	88.06683	-3.205128	80.51663343	81.42556073
2013	9	12	4	0	0	7.398026006	7.398026006	3	0.5	5.85	1	25400	0.876070756	70.96173123	88.25776	0.801282	173.2687992	175.3267801
2013	9	13	5	0	0	7.266982981	7.266982981	3	0.5	5.85	1	25500	0.877549095	71.30086393	88.63962	2.724359	175.7818259	175.3565307
2013	9	14	6	0	0	-17.30882372	-17.30882372	3	0.5	5.85	1	19100	0.736055797	59.98854745	88.83055	2.564103	139.9243767	134.3908457
2013	9	15	0	0	0	-10.57645453	-10.57645453	1	0	0	0	0	0	0	89.21241	1.602564	80.23851947	85.88418745
2013	9	16	1	1	0	8.624129658	-10.57645453	4	1	11.7	0	0	0	0	89.40334	0.3205128	90.84739827	99.18747639
2013	9	17	2	0	0	0.695546093	0.695546093	3	0.5	5.85	0	0	0	0	89.59427	-0.801282	95.33853409	105.4340487
2013	9	18	3	0	0	4.598675307	4.598675307	1	0	0	0	0	0	0	89.97614	-1.121795	93.45302031	97.91576049
2013	9	19	4	0	0	-0.431996581	-0.431996581	3	0.5	5.85	1	37900	0.972352537	80.46217245	90.16706	-1.121795	174.9254409	173.9894175
2013	9	20	5	0	0	10.30455636	10.30455636	2	0.1	1.17	0	0	0	0	90.54893	-0.4807692	101.5427172	100.9042301
2013	9	21	6	0	0	-19.57364308	-19.57364308	2	0.1	1.17	0	0	0	0	90.73986	0.1602564	72.49647332	70.96982262
2013	9	22	0	0	0	-11.15063512	-11.15063512	1	0	0	1	21000	0.7898689	65.95405313	91.12172	0.4807692	146.4059072	145.091573
2013	9	23	1	1	0	9.954923472	-11.15063512	2	0.1	1.17	1	19300	0.742315196	62.16889763	91.26492	0.3205128	143.7736953	143.5163521
2013	9	24	2	0	0	3.529393352	3.529393352	1	0	0	0	0	0	0	91.45585	0.1602564	95.14549975	85.28218295
2013	9	25	3	0	0	-2.009943646	-2.009943646	2	0.1	1.17	1	19300	0.742315196	62.54005523	91.78998	-0.6410257	152.8490659	152.9052071
2013	9	26	4	0	0	3.904981967	3.904981967	2	0.1	1.17	0	0	0	0	91.9809	-1.76282	95.29306197	96.46978625
2013	9	27	5	0	0	13.96973166	13.96973166	2	0.1	1.17	0	0	0	0	92.31503	-2.564103	104.8906587	100.1388094
2013	9	28	6	0	0	-19.28206538	-19.28206538	1	0	0	1	21400	0.799717244	67.97596571	92.50597	-1.442308	139.7575623	130.9718225
2013	9	29	0	0	0	-6.254633002	-6.254633002	2	0.1	1.17	1	31500	0.940399976	80.16909792	92.88783	1.282051	169.2543459	167.4545427
2013	9	30	1	0	0	6.290945354	6.290945354	2	0.1	1.17	1	21600	0.804466956	68.78192476	93.03103	-0.1602564	169.1136437	153.5056959
2013	10	1	2	0	0	-1.071665753	-1.071665753	3	0.5	5.85	0	0	0	0	93.22195	6.891026	104.8913102	113.2540458
2013	10	2	3	0	0	-3.670810035	-3.670810035	1	0	0	0	0	0	0	93.55608	8.974359	98.85962897	102.312378
2013	10	3	4	0	0	10.43620479	10.43620479	1	0	0	1	24700	0.865210422	74.62439888	93.74702	8.173077	186.9807007	182.0973491
2013	10	4	5	0	0	9.583874552	9.583874552	3	0.5	5.85	1	8100	0.011928362	1.031803331	94.08115	5.608974	116.1558019	116.2314728
2013	10	5	6	0	0	-24.13154796	-24.13154796	3	0.5	5.85	0	0	0	0	94.22434	3.365385	79.30817704	78.48090616
2013	10	6	0	0	0	-5.913018038	-5.913018038	1	0	0	0	0	0	0	94.55847	-2.564103	86.08134896	77.78028212
2013	10	7	1	0	0	13.46142666	13.46142666	1	0	0	1	13000	0.451191203	39.3664325	94.70167	-8.974359	138.5551702	134.1629983
2013	10	8	2	0	0	-2.902684268	-2.902684268	2	0.1	1.17	1	40800	0.980480007	85.79200063	94.8926	-11.37821	167.5737064	172.4027856
2013	10	9	3	0	0	5.286708961	5.286708961	3	0.5	5.85	0	0	0	0	95.179	-8.493589	97.82211996	92.04301343
2013	10	10	4	0	0	12.5946978	12.5946978	3	0.5	5.85	0	0	0	0	95.36993	-6.410256	107.4043718	103.6473932
2013	10	11	5	0	0	6.144203661	6.144203661	1	0	0	1	7700	0	0	95.65633	-2.403846	99.39668766	95.67126588
2013	10	12	6	0	0	-11.38649415	-11.38649415	1	0	0	1	19200	0.739204274	65.41957827	95.75179	0	149.7848741	155.9201366
2013	10	13	0	0	0	-15.91646696	-15.91646696	3	0.5	5.85	1	21000	0.7898689	70.10086486	95.89499	-0.9615384	154.9678495	154.0135595
2013	10	14	1	1	0	12.00816994	-15.91646696	1	0	0	0	0	0	0	96.13365	-3.525641	76.69154204	79.46309577
2013	10	15	2	0	0	-2.56511651	-2.56511651	1	0	0	0	0	0	0	96.32458	-4.647436	89.11202749	92.96919313
2013	10	16	3	0	0	-4.408036353	-4.408036353	1	0	0	1	29900	0.927783076	83.03658526	96.51551	-5.448718	169.6953409	167.7950069
2013	10	17	4	0	0	5.204871605	5.204871605	3	0.5	5.85	1	13200	0.464205964	41.66248525	96.65871	-5.128205	144.2478619	138.6051049
2013	10	18	5	0	0	12.99154032	12.99154032	3	0.5	5.85	1	18100	0.70240294	63.21626457	96.89738	-6.410256	172.5449289	173.3954378
2013	10	19	6	0	0	-24.49735847	-24.49735847	4	1	11.7	0	0	0	0	96.99284	-5.288462	78.90701953	77.11430787
2013	10	20	0	0	0	-20.02819889	-20.02819889	1	0	0	0	0	0	0	97.0883	-0.4807692	76.57933191	83.79402436
2013	10	21	1	0	0	11.2167556	11.2167556	3	0.5	5.85	0	0	0	0	97.27924	2.24359	116.5895856	113.9898513
2013	10	22	2	0	0	-0.98679922	-0.98679922	2	0.1	1.17	1	5500	0	0	97.3747	6.570513	104.1284138	102.5752033
2013	10	23	3	0	0	-2.056874328	-2.056874328	1	0	0	1	20200	0.768695653	68.99043483	97.5179	-0.1602564	164.2912041	167.7048914
2013	10	24	4	0	0	3.205960766	3.205960766	2	0.1	1.17	0	0	0	0	97.61337	-0.4807692	101.5085616	98.19066946
2013	10	25	5	0	0	14.86905906	14.86905906	4	1	11.7	1	10800	0.28537869	25.4700481	97.8043	-0.6410257	149.2023815	149.1126287
2013	10	26	6	0	0	-19.88325027	-19.88325027	2	0.1	1.17	0	0	0	0	97.8043	1.76282	80.85386973	83.33682481
2013	10	27	0	0	0	-6.58644795	-6.58644795	1	0	0	0	0	0	0	97.89977	8.333333	99.64665505	97.62528155
2013	10	28	1	0	0	7.620239581	7.620239581	1	0	0	1	14100	0.519057131	45.93655613	97.99522	9.935898	161.4879137	155.4296697
2013	10	29	2	0	0	1.154670167	1.154670167	1	0	0	0	0	0	0	97.99522	-0.1602564	98.98963377	100.5533524
2013	10	30	3	0	0	-1.52391565	-1.52391565	1	0	0	1	7900	0	0	98.09069	-14.10256	82.46421435	81.06490503
2013	10	31	4	0	0	6.242485884	6.242485884	1	0	0	0	0	0	0	98.09069	-20.03205	84.30112588	74.20185021
2013	11	1	5	0	0	18.31614987	18.31614987	1	0	0	0	0	0	0	98.09069	-17.6282	98.77863987	100.1265342
2013	11	2	6	0	0	-27.85163485	-27.85163485	2	0.1	1.17	0	0	0	0	98.13843	-0.9615384	70.49525675	71.154253
2013	11	3	0	0	0	-5.975497954	-5.975497954	1	0	0	0	0	0	0	98.09069	19.39103	111.506222	103.1123657
2013	11	4	1	1	0	11.65767463	-5.975497954	2	0.1	1.17	0	0	0	0	98.09069	29.96795	123.253142	120.6237445
2013	11	5	2	0	0	5.782855216	5.782855216	1	0	0	0	0	0	0	98.09069	25.64103	129.5145752	128.6389521
2013	11	6	3	0	0	-3.29523397	-3.29523397	1	0	0	0	0	0	0	97.99522	10.57692	105.276906	102.4937522
2013	11	7	4	0	0	-4.359016974	-4.359016974	3	0.5	5.85	1	20800	0.784764596	67.48975523	97.89977	-4.807693	162.0728153	164.8320573
2013	11	8	5	0	0	13.3812234	13.3812234	2	0.1	1.17	0	0	0	0	97.8043	-12.66026	99.6952634	91.81500583
2013	11	9	6	0	0	-20.87351705	-20.87351705	3	0.5	5.85	0	0	0	0	97.66109	-17.78846	64.84911295	60.07764909
2013	11	10	0	0	0	-12.95742132	-12.95742132	4	1	11.7	0	0	0	0	97.56564	-20.19231	76.11590868	73.86659156
2013	11	11	1	0	0	8.974124415	8.974124415	1	0	0	1	24700	0.865210422	73.54288585	97.32697	-18.10897	161.7350103	168.9545422
2013	11	12	2	0	0	2.222654193	2.222654193	1	0	0	1	13600	0.489316896	41.46960695	97.18377	-6.730769	134.1452621	133.3689917
2013	11	13	3	0	0	6.908253779	6.908253779	1	0	0	1	50600	0.993982233	83.99149867	96.89738	10.41667	198.2138024	193.1052079
2013	11	14	4	0	0	7.352694295	7.352694295	1	0	0	1	24800	0.866818306	73.02944225	96.75417	27.5641	204.7004065	212.3927553
2013	11	15	5	0	0	7.781214526	7.781214526	1	0	0	1	29400	0.923317041	77.55863146	96.61098	32.53205	214.482876	213.3269961
2013	11	16	6	0	0	-12.38555813	-12.38555813	1	0	0	0	0	0	0	96.22912	28.6859	112.5294619	115.2890812
2013	11	17	0	0	0	-10.75407913	-10.75407913	1	0	0	0	0	0	0	96.03819	14.74359	100.0277009	105.6366711
2013	11	18	1	0	0	8.281095618	8.281095618	3	0.5	5.85	0	0	0	0	95.60859	-0.4807692	109.2589164	111.3066434
2013	11	19	2	0	0	-2.988925275	-2.988925275	1	0	0	0	0	0	0	95.41766	-9.134615	83.29411972	89.79542736
2013	11	20	3	0	0	-5.595236652	-5.595236652	1	0	0	0	0	0	0	94.98807	-6.891026	82.50180735	78.54720099
2013	11	21	4	0	0	14.34066906	14.34066906	1	0	0	0	0	0	0	94.7494	-4.326923	104.7631461	112.7562433
2013	11	22	5	0	0	15.32624574	15.32624574	1	0	0	1	58200	0.997586308	82.05147383	94.51074	0.4807692	192.3692288	183.2547274
2013	11	23	6	0	0	-17.05389291	-17.05389291	1	0	0	0	0	0	0	93.98568	1.121795	78.05358209	73.17676652
2013	11	24	0	0	0	-8.413498784	-8.413498784	3	0.5	5.85	0	0	0	0	93.69929	-0.801282	90.33450922	87.40220592
2013	11	25	1	0	0	12.73248319	12.73248319	1	0	0	0	0	0	0	93.1265	0.1602564	106.0192396	107.1847873
2013	11	26	2	0	0	4.357106883	4.357106883	1	0	0	0	0	0	0	92.8401	2.403846	99.60105288	97.23380976
2013	11	27	3	0	0	-2.036602094	-2.036602094	1	0	0	0	0	0	0	92.5537	3.365385	93.88248291	96.79803781
2013	11	28	4	0	0	7.220212939	7.220212939	1	0	0	0	0	0	0	91.88544	1.442308	100.5479609	102.6481082
2013	11	29	5	0	0	15.51530655	15.51530655	2	0.1	1.17	0	0	0	0	91.50358	-4.00641	104.1824765	107.5767811
2013	11	30	6	0	0	-20.66341081	-20.66341081	1	0	0	0	0	0	0	90.83532	-9.455129	60.71678019	68.12908532
2013	12	1	0	0	0	-7.979985018	-7.979985018	1	0	0	1	10900	0.293902973	23.51223788	90.50119	-8.814102	97.21934086	90.09292067
2013	12	2	1	0	0	8.010110563	8.010110563	1	0	0	0	0	0	0	89.73747	-5.769231	91.97834956	96.82822447
2013	12	3	2	0	0	8.335880419	8.335880419	2	0.1	1.17	0	0	0	0	89.9284	4.166667	103.6009474	102.2736186
2013	12	4	3	0	0	2.671034513	2.671034513	3	0.5	5.85	1	27000	0.897721443	71.14442436	88.97375	13.14103	181.7802389	177.7647111
2013	12	5	4	0	0	-0.649032927	-0.649032927	3	0.5	5.85	0	0	0	0	88.21002	17.6282	111.0391871	102.1540166
2013	12	6	5	0	0	10.83472129	10.83472129	1	0	0	1	30100	0.929495798	73.19779408	87.82816	14.42308	186.2837554	182.0385709
2013	12	7	6	0	0	-17.80057577	-17.80057577	1	0	0	0	0	0	0	87.11217	11.21795	80.52954423	79.03215313
2013	12	8	0	0	0	-7.06905505	-7.06905505	1	0	0	0	0	0	0	86.68258	2.083333	81.69685795	71.99563555
2013	12	9	1	0	0	14.64339492	14.64339492	1	0	0	0	0	0	0	85.87112	-6.570513	93.94400192	92.14383798
2013	12	10	2	0	0	0.217367932	0.217367932	1	0	0	0	0	0	0	85.48926	-9.775641	75.93098693	78.48151787
2013	12	11	3	0	0	-7.721333678	-7.721333678	1	0	0	1	16300	0.630650063	48.87537989	85.01193	-8.333333	117.8326432	111.3427911
2013	12	12	4	0	0	7.805866959	7.805866959	3	0.5	5.85	0	0	0	0	84.24821	-6.891026	91.01305096	90.98881395
2013	12	13	5	0	0	5.543419106	5.543419106	1	0	0	1	19900	0.760216765	58.53669093	83.77088	-4.00641	143.84458	137.1203189
2013	12	14	6	0	0	-17.45851711	-17.45851711	1	0	0	1	8800	0.09153656	7.025430981	82.9117	-1.76282	70.71579387	70.45737295
2013	12	15	0	0	0	-6.188192901	-6.188192901	1	0	0	0	0	0	0	82.52983	-0.1602564	76.1813807	80.65562967
2013	12	16	1	0	0	3.976468542	3.976468542	1	0	0	0	0	0	0	82.05251	-1.923077	84.10590154	73.20649018
2013	12	17	2	0	0	5.755685798	5.755685798	1	0	0	0	0	0	0	81.19332	-5.608974	81.3400318	92.87211396
2013	12	18	3	0	0	-3.797968422	-3.797968422	1	0	0	0	0	0	0	80.81145	-7.532051	69.48143058	63.6426788
2013	12	19	4	0	0	3.904732898	3.904732898	1	0	0	1	21900	0.81138117	61.25927833	79.95227	-10.09615	135.0201312	139.7222798
2013	12	20	5	0	0	13.48314978	13.48314978	1	0	0	0	0	0	0	79.47494	-9.615385	83.34270478	93.73821276
2013	12	21	6	0	0	-14.87753157	-14.87753157	1	0	0	0	0	0	0	78.61575	-7.211538	56.52668043	51.80756031
2013	12	22	0	0	0	-2.739479463	-2.739479463	1	0	0	1	10600	0.268020159	20.16851693	78.13843	-2.884615	92.68285247	89.30558174
2013	12	23	1	1	0	6.797815855	-2.739479463	1	0	0	1	27100	0.898941526	67.87008522	77.75656	-0.801282	142.0858838	147.1941354
2013	12	24	2	0	0	0.249220135	0.249220135	1	0	0	1	9900	0.203877023	15.44368451	76.84964	3.685897	96.22844165	92.14092449
2013	12	25	3	0	0	-2.314474073	-2.314474073	1	0	0	1	19900	0.760216765	57.77647417	76.42004	5.929487	137.8115271	133.0259234
2013	12	26	4	0	0	6.864076302	6.864076302	1	0	0	1	9700	0.18453879	14.07108275	75.51313	5.608974	102.0572631	109.9628595
2013	12	27	5	0	0	9.919855939	9.919855939	5	1	11.7	1	14100	0.519057131	39.70787055	75.08353	3.525641	139.9368975	148.7691115
2013	12	28	6	0	0	-29.36844955	-29.36844955	3	0.5	5.85	1	6300	0	0	74.22434	-0.4807692	50.22512125	49.08994546
2013	12	29	0	0	0	-10.11352947	-10.11352947	1	0	0	1	17700	0.687769588	52.95825826	73.74702	-1.923077	114.6686718	126.0742228
2013	12	30	1	1	0	6.872785471	-10.11352947	1	0	0	0	0	0	0	73.31742	-5.448718	57.75517253	67.27390861
2013	12	31	2	1	0	2.13250109	-10.11352947	2	0.1	1.17	0	0	0	0	72.64916	-7.051282	56.65434853	56.31124085
